-9.552185081937614086e+01
-7.780442696873535624e+01
-7.028089985346963431e+01
-7.027184263681709808e+01
-7.027183251362177430e+01
-7.027182116459346162e+01
-7.027182115371337545e+01
-7.027182115370170834e+01
-7.027182115369849669e+01
-7.027182115369468818e+01
-7.027127127505571025e+01
-7.027126853146199892e+01
-7.027126852408780167e+01
-7.027126852405402246e+01
-7.027126852405318402e+01
-7.027126852405234558e+01
-7.027209292448279143e+01
-7.027207449169124232e+01
-7.027207444351255106e+01
-7.027207444337454945e+01
-7.027207444336565345e+01
-7.027207444336083597e+01
-7.027207444335707009e+01
-7.027207444335545006e+01
-7.027207444334614195e+01
-7.027207444334186448e+01
-7.027207444334123920e+01
-7.027207444333824071e+01
-7.027127786226549233e+01
-7.027127386307698487e+01
-7.027127384417069322e+01
-7.027127384407718580e+01
-7.027458520326518965e+01
-7.027441424389304814e+01
-7.027423555288453372e+01
-7.027407581512679258e+01
-7.027394542746527861e+01
-7.027384090069139688e+01
-7.027375815935775449e+01
-7.027369330236032852e+01
-7.027364285306340719e+01
-7.027360384604182286e+01
