-9.016362648003072877e+01
-7.695991391353318534e+01
-7.063652501519938198e+01
-7.062998751115377161e+01
-7.062998646828795302e+01
-7.062920004204700319e+01
-7.062919966081749124e+01
-7.062919966069165412e+01
-7.062919966069040356e+01
-7.063019144200379174e+01
-7.063018951527864431e+01
-7.063018951455595129e+01
-7.063018951455595129e+01
-7.062928685048389355e+01
-7.062927985606087589e+01
-7.062927981802818067e+01
-7.062927981782692655e+01
-7.062927981782638653e+01
-7.062927981782569020e+01
-7.063269289327433853e+01
-7.063254157726187543e+01
-7.063238486711159680e+01
-7.063222010368579618e+01
-7.063206137941409679e+01
-7.063193076575961982e+01
-7.063182539999797882e+01
-7.063174150448472233e+01
-7.063167536686876247e+01
-7.063162363614790706e+01
-7.063158342208036800e+01
-7.063155238435037120e+01
-7.063152860718295756e+01
-7.063151044563399239e+01
-7.063149660739733804e+01
-7.063148608399177419e+01
-7.063147809368740582e+01
-7.063147203281296527e+01
-7.063146744072737704e+01
-7.063146396262321502e+01
-7.063146133036818242e+01
-7.063145933850928770e+01
-7.063145783238806530e+01
