-inf
-inf
-2.225046308122928167e+02
-2.150925748705721503e+02
-2.144440650397482955e+02
-2.143811118421329525e+02
-2.143749440795285466e+02
-2.143743392581407079e+02
-2.143742799431033745e+02
-2.143742741260072648e+02
-2.143742735555175898e+02
-2.143742734995688011e+02
-2.143742734940819901e+02
-2.143742734935438250e+02
-2.143742734934908754e+02
-2.143742734934857594e+02
-2.143742734934851057e+02
-2.143806591774610126e+02
-2.143789294668983985e+02
-2.143788192211323747e+02
-2.143788121484848261e+02
-2.143788116280546774e+02
-2.143788114909772844e+02
-2.143788113273040778e+02
-2.143788110858520497e+02
-2.143788107259970275e+02
-2.143788101894402587e+02
-2.143788093894005442e+02
-2.143788081964896719e+02
-2.143788064177826129e+02
-2.143788037656161123e+02
-2.143787998110658464e+02
-2.143787939145772441e+02
-2.143787851225351346e+02
-2.143787720130380308e+02
-2.143787524659428811e+02
-2.143787233199854541e+02
-2.143786798615317366e+02
-2.143786150622794366e+02
-2.143785184426455999e+02
-2.143783743770485444e+02
-2.143781595670752154e+02
-2.143778392740381378e+02
-2.143773617019778612e+02
-2.143766496234735257e+02
-2.143755878956723109e+02
-2.143740048514066530e+02
-2.143716445644222972e+02
