7.836533608662329324e-05
7.836566500499700491e-05
7.836566508662333387e-05
7.836566508754458046e-05
7.836566514976683472e-05
7.836566514997141011e-05
7.836566514997348365e-05
7.836566564142279925e-05
7.836566564156077753e-05
7.836566564161895853e-05
7.836566564161937865e-05
7.836566564161974457e-05
7.836566564162006983e-05
7.836566564162035444e-05
7.836566564162061193e-05
7.836566564162084233e-05
7.836566564162101851e-05
7.836566564162116759e-05
7.836566564162127601e-05
7.836566564162137088e-05
7.836566564162141153e-05
7.836566564162142509e-05
7.836566564162142509e-05
7.836566564162142509e-05
7.836566564162142509e-05
7.836566564162142509e-05
7.836566564162142509e-05
7.836566564162142509e-05
7.836566564162142509e-05
7.836566564162142509e-05
7.836566564162142509e-05
7.836566564162142509e-05
7.836566564162142509e-05
7.836566564162142509e-05
7.836566564162142509e-05
7.836566564162142509e-05
7.836566564162142509e-05
7.836566564162142509e-05
7.836566564162142509e-05
7.836566564162142509e-05
7.836566564162142509e-05
7.836566564162142509e-05
7.836566564162142509e-05
7.836566564162142509e-05
7.836566564162142509e-05
7.836566564162142509e-05
7.836566564162142509e-05
7.836566564162142509e-05
7.836566564162142509e-05
7.836566564162142509e-05
7.836566564162142509e-05
7.836566564162142509e-05
7.836566564162142509e-05
7.836566564162142509e-05
7.836566564162142509e-05
7.836566564162142509e-05
7.836566564162142509e-05
7.836566564162142509e-05
7.836566564162142509e-05
7.836566564162142509e-05
7.836566564162142509e-05
7.836566564162142509e-05
7.836566564162142509e-05
7.836566564162142509e-05
7.836566564162142509e-05
7.836566564162142509e-05
7.836566564162142509e-05
7.836566564162142509e-05
7.836566564162142509e-05
7.836566564162142509e-05
7.836566564162142509e-05
7.836566564162142509e-05
7.836566564162142509e-05
7.836566564162142509e-05
7.836566564162142509e-05
7.836566564162142509e-05
7.836566564162142509e-05
7.836566564162142509e-05
7.836566564162142509e-05
7.836566564162142509e-05
7.836566564162142509e-05
7.836566564162142509e-05
7.836566564162142509e-05
7.836566564162142509e-05
7.836566564162142509e-05
7.836566564162142509e-05
7.836566564162142509e-05
7.836566564162142509e-05
7.836566564162142509e-05
7.836566564162142509e-05
7.836566564162142509e-05
7.836566564162142509e-05
7.836566564162142509e-05
7.836566564162142509e-05
7.836566564162142509e-05
7.836566564162142509e-05
7.836566564162142509e-05
7.836566564162142509e-05
7.836566564162142509e-05
7.836566564162142509e-05
7.836566564162142509e-05
7.836566564162142509e-05
7.836566564162142509e-05
7.836566564162142509e-05
7.836566564162142509e-05
7.836566564162142509e-05
7.836566564162142509e-05
7.836566564162142509e-05
7.836566564162142509e-05
7.836566564162142509e-05
7.836566564162142509e-05
7.836566564162142509e-05
7.836566564162142509e-05
7.836566564162142509e-05
7.836566564162142509e-05
7.836566564162142509e-05
7.836566564162142509e-05
7.836566564162142509e-05
7.836566564162142509e-05
7.836566564162142509e-05
7.836566564162142509e-05
7.836566564162142509e-05
7.836566564162142509e-05
7.836566564162142509e-05
7.836566564162142509e-05
7.836566564162142509e-05
7.836566564162142509e-05
7.836566564162142509e-05
7.836566564162142509e-05
7.836566564162142509e-05
7.836566564162142509e-05
7.836566564162142509e-05
7.836566564162142509e-05
7.836566564162142509e-05
7.836566564162142509e-05
7.836566564162142509e-05
7.836566564162142509e-05
7.836566564162142509e-05
7.836566564162142509e-05
7.836566564162142509e-05
7.836566564162142509e-05
7.836566564162142509e-05
7.836566564162142509e-05
7.836566564162142509e-05
7.836566564162142509e-05
7.836566564162142509e-05
7.836566564162142509e-05
7.836566564162142509e-05
7.836566564162142509e-05
7.836566564162142509e-05
7.836566564162142509e-05
7.836566564162142509e-05
7.836566564162142509e-05
7.836566564162142509e-05
7.836566564162142509e-05
7.836566564162142509e-05
7.836566564162142509e-05
7.836566564162142509e-05
7.836566564162142509e-05
7.836566564162142509e-05
7.836566564162142509e-05
7.836566564162142509e-05
7.836566564162142509e-05
7.836566564162142509e-05
7.836566564162142509e-05
7.836566564162142509e-05
7.836566564162142509e-05
7.836566564162142509e-05
7.836566564162142509e-05
7.836566564162142509e-05
7.836566564162142509e-05
7.836566564162142509e-05
7.836566564162142509e-05
7.836566564162142509e-05
7.836566564162142509e-05
7.836566564162142509e-05
7.836566564162142509e-05
7.836566564162142509e-05
7.836566564162142509e-05
7.836566564162142509e-05
7.836566564162142509e-05
7.836566564162142509e-05
7.836566564162142509e-05
7.836566564162142509e-05
7.836566564162142509e-05
7.836566564162142509e-05
7.836566564162142509e-05
7.836566564162142509e-05
7.836566564162142509e-05
7.836566564162142509e-05
7.836566564162142509e-05
7.836566564162142509e-05
7.836566564162142509e-05
7.836566564162142509e-05
7.836566564162142509e-05
7.836566564162142509e-05
7.836566564162142509e-05
7.836566564162142509e-05
7.836566564162142509e-05
7.836566564162142509e-05
