-1.014713000951539499e+02
-8.586805883776320059e+01
-7.296982325989129947e+01
-7.291581537787396883e+01
-7.291587379326996654e+01
-7.291574501605188630e+01
-7.291532634374512156e+01
-7.290572193896136355e+01
-7.290547987627311954e+01
-7.290547367305035209e+01
-7.290547350545655547e+01
-7.290547349713156677e+01
-7.290547349511516018e+01
-7.290547349425749246e+01
-7.290547349387534837e+01
-7.290547349370467600e+01
-7.290547349362753948e+01
-7.290547349359287921e+01
-7.290547349357802887e+01
-7.290547349357156293e+01
-7.290547349357051132e+01
-7.290547349356700124e+01
-7.290430304465853339e+01
-7.290429881956367808e+01
-7.290429880734052404e+01
-7.290429880728245848e+01
-7.290429880726587442e+01
-7.290429880724845191e+01
-7.290429880723594636e+01
-7.290429880722294342e+01
-7.290429880721222844e+01
-7.290429880720300559e+01
-7.290429880719499067e+01
-7.290429880718760103e+01
-7.290429880718214406e+01
-7.290429880717657340e+01
-7.290429880717252331e+01
-7.290429880716912692e+01
-7.290429880716403943e+01
-7.290429880716131095e+01
-7.290429880715768718e+01
-7.290429880715514344e+01
-7.290429880715264233e+01
-7.290429880715139177e+01
-7.290429880714941646e+01
-7.290429880714745536e+01
