-9.551661919583415283e+01
-7.896768724460011413e+01
-7.093493758930648596e+01
-7.092113091449812146e+01
-7.092048171437149051e+01
-7.092046735405489244e+01
-7.092046720860275855e+01
-7.092046720694655448e+01
-7.092046720690524353e+01
-7.092044935527857774e+01
-7.092043109866452255e+01
-7.092043074297563976e+01
-7.092043073604747860e+01
-7.092043073591291602e+01
-7.092043073590980384e+01
-7.092400555644684346e+01
-7.092385262183429973e+01
-7.092369464718699135e+01
-7.092352888243017617e+01
-7.092335399200995028e+01
-7.092320883274001631e+01
-7.092309103306457985e+01
-7.092299677250821333e+01
-7.092292214821567597e+01
-7.092286356554512849e+01
-7.092281788034497936e+01
-7.092278253129761367e+01
-7.092275537710888500e+01
-7.092273458542258879e+01
-7.092271870937747735e+01
-7.092270661216170424e+01
-7.092269740989790705e+01
-7.092269041814918751e+01
-7.092268511157617183e+01
-7.092268108648394787e+01
-7.092267803492502765e+01
-7.092267572232424300e+01
-7.092267397175270105e+01
-7.092267264524592463e+01
-7.092267164146598191e+01
-7.092267088061669256e+01
-7.092267030523953508e+01
