-9.376306873955516608e+01
-7.696495905729204878e+01
-7.035542623792701988e+01
-7.034812282615722268e+01
-7.034811719560073584e+01
-7.034811718428986183e+01
-7.034811718423503635e+01
-7.034811718423472371e+01
-7.034811718423330262e+01
-7.034810910789124705e+01
-7.034810910259120931e+01
-7.034810910256416605e+01
-7.034810910256129546e+01
-7.034782686411227814e+01
-7.034782388394008024e+01
-7.034782387400807124e+01
-7.034782387395492265e+01
-7.034782387395389947e+01
-7.034834631723390430e+01
-7.034833001529077023e+01
-7.034832998066566745e+01
-7.034832998058091391e+01
-7.034832998057120790e+01
-7.034832998056856468e+01
-7.034832998055146902e+01
-7.034832998054989162e+01
-7.034832998054667996e+01
-7.034832998054245934e+01
-7.034832998053936137e+01
-7.034832998053410336e+01
-7.034832998052847586e+01
-7.034749243533991603e+01
-7.034748807484713495e+01
-7.034748805351625833e+01
-7.034748805340835531e+01
-7.034748805340800004e+01
-7.034748805340682054e+01
-7.034748805340450417e+01
-7.035081207244834900e+01
-7.035064741561770063e+01
-7.035047570645096471e+01
-7.035030932789611313e+01
