-9.446167863934904574e+01
-7.891689965300193421e+01
-7.081585884771163819e+01
-7.080419034654069321e+01
-7.080418902414261595e+01
-7.080337041644209251e+01
-7.080336946126534770e+01
-7.080336946059711067e+01
-7.080336946059274794e+01
-7.080336946059223635e+01
-7.080442478032659892e+01
-7.080442287158528814e+01
-7.080442287085243436e+01
-7.080442287084805741e+01
-7.080442287084662212e+01
-7.080347041329817159e+01
-7.080345851753099851e+01
-7.080345845140202243e+01
-7.080345845105244962e+01
-7.080345845105178171e+01
-7.080345845104817215e+01
-7.080700500989260604e+01
-7.080684857632195417e+01
-7.080668658829405615e+01
-7.080651634127752914e+01
-7.080635041929654960e+01
-7.080621378826687362e+01
-7.080610349464149067e+01
-7.080601562269811211e+01
-7.080594631161795860e+01
-7.080589207203101410e+01
-7.080584988963965998e+01
-7.080581738611323317e+01
-7.080579247155111489e+01
-7.080577343445638405e+01
-7.080575892465046195e+01
-7.080574788775558659e+01
-7.080573950490105517e+01
-7.080573314606341739e+01
-7.080572832672066852e+01
-7.080572467528088509e+01
-7.080572191076642241e+01
