-1.017951384602545488e+02
-8.564402575388723449e+01
-7.296880093576693582e+01
-7.292162631505134129e+01
-7.292166959927436665e+01
-7.292154851068301014e+01
-7.292116015469565582e+01
-7.291214485416855950e+01
-7.291192716500191295e+01
-7.291192185585389041e+01
-7.291192172368984359e+01
-7.291192171922561727e+01
-7.291192171856309301e+01
-7.291192171830086011e+01
-7.291192171818454426e+01
-7.291192171813197831e+01
-7.291192171810904199e+01
-7.291192171809781541e+01
-7.291192171809260003e+01
-7.291192171809260003e+01
-7.291192171809025524e+01
-7.291192171808964417e+01
-7.291022689217336961e+01
-7.291022103421050815e+01
-7.291022101717888404e+01
-7.291022101711935477e+01
-7.291022101710942138e+01
-7.291022101710171910e+01
-7.291022101709432945e+01
-7.291022101708878722e+01
-7.291022101708395553e+01
-7.291022101707839909e+01
-7.291022101707481795e+01
-7.291022101707098102e+01
-7.291022101706860781e+01
-7.291022101706531089e+01
-7.291022101706458614e+01
-7.291022101706089131e+01
-7.291022101705924285e+01
-7.291022101705847547e+01
-7.291022101705655700e+01
-7.291022101705544856e+01
