-9.320080034913105749e+01
-8.031967183463216031e+01
-7.199513737109812439e+01
-7.198361556578110765e+01
-7.198359171677437018e+01
-7.198347125361712529e+01
-7.198261771909072593e+01
-7.198261768664734461e+01
-7.198261768640192315e+01
-7.198261768638386116e+01
-7.198261768637746627e+01
-7.197350483805212207e+01
-7.197349148916399031e+01
-7.197349146268928166e+01
-7.197349146157877442e+01
-7.197349146114964924e+01
-7.197349146097241146e+01
-7.197349146089798921e+01
-7.197349146086681060e+01
-7.197349146085360871e+01
-7.197349146084815175e+01
-7.197349146084567906e+01
-7.197349146084478377e+01
-7.197349146084435745e+01
-7.197349146084411586e+01
-7.197349146084390270e+01
-7.197175454363295444e+01
-7.197174963225596400e+01
-7.197174961838781826e+01
-7.197174961830495477e+01
-7.197174961826617334e+01
-7.197174961823270678e+01
-7.197174961820454087e+01
-7.197174961818222982e+01
-7.197174961816064354e+01
-7.197174961814235417e+01
-7.197174961812694960e+01
-7.197174961811414562e+01
-7.197174961810341642e+01
-7.197174961809315619e+01
-7.197174961808515548e+01
-7.197174961807596105e+01
-7.197174961806990723e+01
-7.197174961806584292e+01
-7.197174961806055649e+01
-7.197174961805589533e+01
