-9.745231922716877193e+01
-7.985449149863070772e+01
-7.109179037097479181e+01
-7.107790108918069905e+01
-7.107782502000279123e+01
-7.107725866392200942e+01
-7.107723934295174217e+01
-7.107723893704138618e+01
-7.107723892851663550e+01
-7.107723892834313517e+01
-7.107723892831569401e+01
-7.108087922429052696e+01
-7.108072724387695018e+01
-7.108057057917731925e+01
-7.108040643457391639e+01
-7.108023345159774919e+01
-7.108007716268477338e+01
-7.107994933214402522e+01
-7.107984653081378212e+01
-7.107976482001338070e+01
-7.107970046007997666e+01
-7.107965012679999006e+01
-7.107961104613190173e+01
-7.107958095735604331e+01
-7.107955787183504981e+01
-7.107954021239675058e+01
-7.107952673456323112e+01
-7.107951646719881467e+01
-7.107950865627873327e+01
-7.107950271956245558e+01
-7.107949821192963213e+01
-7.107949478980857805e+01
-7.107949219471382207e+01
-7.107949022649874848e+01
-7.107948873470800777e+01
-7.107948760370696561e+01
-7.107948674619704832e+01
-7.107948609760437364e+01
-7.107948560481032985e+01
-7.107948523286049181e+01
-7.107948494994334965e+01
-7.107948473620481877e+01
