1.139978659207480316e+00
8.281838248407084047e-01
6.822263906730072769e-01
5.936977579477524802e-01
5.033710792268788481e-01
4.694353608714327275e-01
4.205009571742916452e-01
4.121339315185766905e-01
4.191306824119968577e-01
3.527724784347627818e-01
3.995778101961971474e-01
3.556770232831172884e-01
3.371095167120696234e-01
3.594946989283230865e-01
3.062432067020411375e-01
2.988862921679458773e-01
3.755213596200640547e-01
3.242182160678123148e-01
3.175536222867741398e-01
2.797809912571218027e-01
3.167667159087508844e-01
2.937209058502175951e-01
3.148364816256031817e-01
2.883416141312500347e-01
3.266304594711230136e-01
2.994972951931721972e-01
2.796175887886168110e-01
3.051822050640236594e-01
3.024385917051404804e-01
2.614273736127700198e-01
3.270613339466295622e-01
2.759824574329908242e-01
2.655057150899727825e-01
2.619586536006494049e-01
3.071832970200421564e-01
2.567574184030846363e-01
2.988701215973278980e-01
2.670801042039462336e-01
2.773422517971206314e-01
2.729384410070062605e-01
2.680463051116422912e-01
2.508508236751801346e-01
2.702238108379583781e-01
2.431415163537998247e-01
2.758397745558990866e-01
2.577343133298102829e-01
2.631020230668595916e-01
2.441268961978171892e-01
2.484330681890879189e-01
2.730123223150723311e-01
2.419794725170001382e-01
2.442907563885149957e-01
2.334247931820963018e-01
2.475817983007475021e-01
2.544913711104304088e-01
2.890005108778096465e-01
2.645088165559809079e-01
2.358507910929858176e-01
2.735571133375623853e-01
2.719773803961177405e-01
2.800798692387118649e-01
2.676138029561044296e-01
2.535777936031486379e-01
2.427910427869898746e-01
2.474697391299713056e-01
2.574535755371730739e-01
2.182075417829656971e-01
2.566678877371772471e-01
2.202500945844768077e-01
2.532344381851018844e-01
2.074404810264468269e-01
2.494782717646204517e-01
2.357147315943407817e-01
2.421729338914502261e-01
2.212319106649668077e-01
2.290576041427641041e-01
2.065636798930363116e-01
2.545509991791027327e-01
2.283764592317239495e-01
2.204776514151549627e-01
2.136653182965348452e-01
2.327570253095261887e-01
2.124972267367821743e-01
2.188284142020372747e-01
2.122221644202048341e-01
2.205469138151562036e-01
2.244478372524781606e-01
2.164644314119811563e-01
2.433211382242528309e-01
2.107920838126634278e-01
2.285425144419144794e-01
2.133128479366421248e-01
2.227014416276124620e-01
2.188497281630523150e-01
2.527050507507532240e-01
2.078428005292367042e-01
2.256785405880760709e-01
1.976057844371775785e-01
2.585354759049024453e-01
1.835733249143757240e-01
