1.170081234666384473e+00
8.107774452923386388e-01
6.311895740392319265e-01
5.248016998139666267e-01
4.771001923413963897e-01
4.337643540882638038e-01
4.011327820100784036e-01
3.800194480335284952e-01
3.719586489454181355e-01
3.521251598359349533e-01
3.409510665864632917e-01
3.285771872667280769e-01
3.167000954224687415e-01
3.114632592657640697e-01
3.029143219539859322e-01
2.947494863273278365e-01
2.897614782939835765e-01
2.852221598641024869e-01
2.806460528482678241e-01
2.740766081875138926e-01
2.708888301078057337e-01
2.662722064922768972e-01
2.635873912997491741e-01
2.586356808668082707e-01
2.561060178156592815e-01
2.585483646038435057e-01
2.522895807661335588e-01
2.516839343529310158e-01
2.474635286348326191e-01
2.429504781061733176e-01
2.410154649636682689e-01
2.351576600602833800e-01
2.375174782239468652e-01
2.339790789035047780e-01
2.363297148083584320e-01
2.338185515016860117e-01
2.299251270214324738e-01
2.313941951753575310e-01
2.292984549219648505e-01
2.255741058117707032e-01
2.255787759390071590e-01
2.210498031554693488e-01
2.212066002854894964e-01
2.164313406095272063e-01
2.232728250916173884e-01
2.194976477622542499e-01
2.160511965158899150e-01
2.121661258846911091e-01
2.133662276634147315e-01
2.165308988789005351e-01
2.124073431941805867e-01
2.120652899428718263e-01
2.107709227308241506e-01
2.103192664403548962e-01
2.087290794080328138e-01
2.095861300477991906e-01
2.040140617831755210e-01
2.078819788097288623e-01
2.085761328984302720e-01
2.076321180534986544e-01
2.062522453081213902e-01
2.058599354236380630e-01
2.020171762353671352e-01
2.001087026904170563e-01
2.015973494607521399e-01
2.011469532470269994e-01
2.014196636402135476e-01
2.018212400213256763e-01
2.005609656423780474e-01
2.019204507225469958e-01
2.001315170487176776e-01
1.969950303626501475e-01
1.946022624245907495e-01
1.962301925407157754e-01
1.953580991374874731e-01
1.984171591888353459e-01
1.924345750053967907e-01
1.953830293246851257e-01
1.967953147179178353e-01
1.924738025641927752e-01
1.972775970530079859e-01
1.957681689117521939e-01
1.915892810724294792e-01
1.937524012702281362e-01
1.884664560688895651e-01
1.861477734140422613e-01
1.873458676834447167e-01
1.862033018812547791e-01
1.907036032369202327e-01
1.936440530634628843e-01
1.874281736575557633e-01
1.869404633349931177e-01
1.849835632877669389e-01
1.814170717698165569e-01
1.843875794627370390e-01
1.801558302523710020e-01
1.819212838068407501e-01
1.781847551410397079e-01
1.832746697029977168e-01
1.832094779766562098e-01
