1.197967587704104941e+00
8.666135072585255950e-01
6.941341568264223216e-01
6.655072085662966375e-01
6.104374525027143061e-01
6.179184765099502430e-01
4.971565131668296833e-01
4.756508192435143778e-01
4.880567659490874233e-01
4.219263096622501985e-01
3.877501321681405821e-01
4.404443913063286198e-01
3.952024671949534440e-01
3.989459180604089661e-01
3.627657865604045906e-01
4.130221432066537024e-01
3.748735191388735677e-01
3.559085818001896939e-01
3.586670534347819461e-01
3.718282899792143548e-01
3.405825412690166032e-01
3.396571740504769066e-01
3.353754404515293941e-01
3.066041744103502054e-01
3.349703650667930632e-01
3.251210899517790187e-01
3.491444050940049615e-01
3.224252420346208625e-01
3.294600103299931693e-01
3.217277918238606871e-01
3.114180503665854305e-01
3.160212239147345281e-01
2.848208690273520416e-01
3.567717295747380168e-01
3.049978112810557418e-01
3.201616771358329894e-01
3.054932970030417860e-01
2.825348265215421595e-01
2.981371887877880544e-01
3.213087782081985866e-01
3.069581109621425385e-01
2.981964880840158871e-01
2.974247348396136803e-01
2.773861042626630802e-01
3.006508207448788106e-01
3.232293758656495375e-01
2.920992232747183781e-01
2.820313237820540886e-01
3.271880354310430228e-01
2.796579924856101851e-01
2.615543590156576004e-01
2.969707244963294412e-01
2.688568982425071363e-01
2.866920994585314131e-01
2.640727107754802239e-01
2.844120800872976251e-01
3.050660055218133437e-01
2.848778556386927230e-01
2.489556831637644851e-01
2.598188565564709118e-01
3.433063242614683430e-01
2.354496794916537683e-01
2.699213046933576221e-01
2.766797531941583843e-01
2.437712841188852675e-01
2.748502997053022257e-01
2.509716695461780556e-01
2.853652773760037009e-01
2.559314368244992588e-01
2.386464011689470310e-01
2.849655350677920973e-01
2.748124460967671379e-01
2.794852032213072657e-01
2.606533693794194084e-01
3.074914593489648795e-01
2.693944307835196561e-01
2.608427794729457627e-01
2.594631920993051288e-01
3.009797866083925855e-01
2.442346682049151008e-01
2.438361342427512457e-01
2.295717433332260526e-01
2.582511362551068168e-01
2.730638231175449016e-01
2.554329874303384318e-01
2.634410498543450219e-01
2.277025283331708949e-01
2.455048979231665984e-01
2.670373988966054379e-01
3.036037758981328660e-01
2.335419146284089531e-01
2.944350885444150245e-01
2.481642021611416005e-01
2.591456957168348785e-01
2.517818672101079791e-01
2.271477655820779984e-01
2.681063939248983230e-01
2.317650752505403811e-01
2.390284935442420766e-01
2.357428257762073653e-01
