1.176135466761847770e+00
8.515600668058930234e-01
6.631168751778898640e-01
5.446338912962658263e-01
4.901520340284709620e-01
4.509355023154361097e-01
4.121207718279745191e-01
3.922991401976207992e-01
3.788556948343203556e-01
3.575822245121196286e-01
3.455630361036080567e-01
3.320001401520897288e-01
3.189965806297770934e-01
3.155698675965870614e-01
3.060109599646841372e-01
2.991320300907704954e-01
2.931912997249486175e-01
2.864400915834671713e-01
2.845826821120183148e-01
2.699941303718176866e-01
2.751218355901077772e-01
2.689342962427129224e-01
2.643078026844483119e-01
2.555103638139811784e-01
2.591759313999251191e-01
2.583175579559627288e-01
2.536133229834848235e-01
2.531545930792449273e-01
2.498914979755265942e-01
2.453813756415764435e-01
2.437494362146214455e-01
2.407026592854450142e-01
2.423784782490799594e-01
2.359941846316107872e-01
2.427776556221285520e-01
2.371985639830964110e-01
2.356393130422612114e-01
2.376961385318767106e-01
2.329263759903373310e-01
2.280936961031278520e-01
2.289546885726397585e-01
2.259838200226621796e-01
2.269232444622955591e-01
2.201459927456538013e-01
2.301953702967413362e-01
2.218532446632917876e-01
2.203470629498598954e-01
2.167840024990771164e-01
2.194043919398592224e-01
2.298919229352813232e-01
2.181811859570866596e-01
2.196793777619817367e-01
2.184216612918099543e-01
2.216254123244114083e-01
2.177440969350041278e-01
2.164036031519135095e-01
2.132410447363092543e-01
2.125262614426337571e-01
2.152637511572501050e-01
2.119494564570572892e-01
2.092398333680601519e-01
2.089517659681651707e-01
2.104265542603283023e-01
2.054411939737124104e-01
2.046730735169945969e-01
2.081862746563631350e-01
2.072544263704021450e-01
2.093040118759386947e-01
2.074535512279918614e-01
2.067554559674487924e-01
2.028050080762228424e-01
2.011991829708089929e-01
2.030919945111122060e-01
1.992180439494915523e-01
1.993303763558199049e-01
2.005410507783323415e-01
2.005953356573773605e-01
1.964255163604979038e-01
2.001823777274404637e-01
1.952690447275068630e-01
1.951315506768648844e-01
1.953676553828367912e-01
1.950215112386929628e-01
1.924824381583854493e-01
1.889553686240847963e-01
1.870304861185529133e-01
1.880215089859319511e-01
1.853472424127961815e-01
1.894869288868114565e-01
1.933322158694360526e-01
1.887037663845955449e-01
1.868586394974268428e-01
1.849448884022775186e-01
1.810530349323989097e-01
1.833931858788714342e-01
1.801362618738561738e-01
1.803106055328723978e-01
1.808437935025437038e-01
1.823280585526962927e-01
1.810039236186017919e-01
