1.113804583432608464e+00
8.096296255804242836e-01
6.569275922772666032e-01
5.592480584929031551e-01
4.628447374547107751e-01
4.598636437546284594e-01
4.214207873657464520e-01
4.052710527397366813e-01
4.318901848840438484e-01
3.615974199112445553e-01
4.184899191732740498e-01
3.705850914682756736e-01
3.586393654466533132e-01
3.976454797038309619e-01
3.358278942814665879e-01
3.091265988155741384e-01
4.206850525179316458e-01
3.661586230482951621e-01
3.464215410795713490e-01
2.919457535088517131e-01
3.449416106262421788e-01
3.131659161765329991e-01
3.555442874735546543e-01
3.071832791331294277e-01
3.767388543700352921e-01
3.345214851187553462e-01
3.051683852510558292e-01
3.428779663592468330e-01
3.266624031004151663e-01
2.775895096677765683e-01
3.786108724409512072e-01
3.107826541530332998e-01
2.910307812906555158e-01
2.837779179363187909e-01
3.383718864620292588e-01
2.739306658406391315e-01
3.527854522551260863e-01
2.899389462441045451e-01
3.088010894306947307e-01
3.005612665747581791e-01
3.016532953544605600e-01
2.672038590636555133e-01
3.043128573257822822e-01
2.605109432563392780e-01
3.148922865187325781e-01
2.764092772768347306e-01
2.921118258957603464e-01
2.563077384448676499e-01
2.446517418034083735e-01
3.200078883132189134e-01
2.624523037793816682e-01
2.678452533427287396e-01
2.387829110660633081e-01
2.634593004080039158e-01
2.828710117937283663e-01
3.145249949185889848e-01
2.679984021074708900e-01
2.553071346945056108e-01
2.927930014732330055e-01
2.933798356529584983e-01
3.012938533943053665e-01
2.711376393798088369e-01
2.896615143072747700e-01
2.543589140921436176e-01
2.650573018355678601e-01
2.907216680638297079e-01
2.268527562061978808e-01
2.801575216222241260e-01
2.236389368411359491e-01
2.684518435807238257e-01
2.222827989801858251e-01
2.559061520602161632e-01
2.752919549212974326e-01
2.713760843487524888e-01
2.510497276313566895e-01
2.339007128083642750e-01
2.136865569793434949e-01
2.605992500593781735e-01
2.399056939131688215e-01
2.344476279280783559e-01
2.159416917841482930e-01
2.569133764956083033e-01
2.154293761064537682e-01
2.385566287248671036e-01
2.205009918991001627e-01
2.262701610543103037e-01
2.504860397701351715e-01
2.214387654881286027e-01
2.712639035069918103e-01
2.296095078790608146e-01
2.369259956479297935e-01
2.223172502565187725e-01
2.453684920241216982e-01
2.270532899492367362e-01
2.805510070137373080e-01
2.214720950862563986e-01
2.291887735450303665e-01
2.196152041885394424e-01
2.768746802506588112e-01
1.940555665404952723e-01
