1.265482437918110437e+00
9.175567468959423545e-01
7.384069472373833154e-01
6.786453238221329398e-01
5.920591362498404120e-01
6.015220198305530896e-01
4.833876951788241283e-01
4.718939469898090211e-01
5.017816572428487332e-01
4.669363150669380569e-01
3.863652391214412174e-01
4.195139985834314689e-01
3.682467333036453239e-01
3.705296680060082282e-01
3.508835384266036916e-01
4.307393549080080208e-01
3.343122511377173423e-01
3.930920125796644182e-01
3.151376520485451027e-01
3.457780814427224292e-01
2.942744438175485255e-01
3.336635481949962179e-01
3.541086170003365230e-01
3.606994797839949141e-01
3.264691139452270408e-01
3.118387723758846430e-01
3.387905461094368187e-01
3.147049437548480877e-01
3.107470663151216117e-01
2.738667949043184224e-01
2.762422298895414463e-01
3.055052920004400763e-01
2.931080135573496670e-01
3.245465085950504092e-01
2.593507449287012490e-01
3.107049636626024736e-01
2.905775989497094147e-01
2.838569283592983217e-01
2.703407483745011719e-01
3.172570921156537271e-01
3.044242508984555395e-01
2.817340230048837046e-01
2.855744963465650099e-01
2.771035662187787407e-01
2.997845977160643605e-01
2.982772220810431807e-01
2.667340052020573671e-01
2.996228418613002265e-01
2.889435047756850894e-01
2.519638974097301864e-01
2.636408007166232137e-01
2.790606283950383126e-01
2.509961917022383027e-01
2.627496876750154975e-01
2.452919741776048157e-01
2.377991221386323573e-01
2.402058616008199421e-01
2.440859446878448913e-01
2.434237222842521309e-01
2.500428387585520995e-01
3.370958604386232182e-01
2.240860492607387455e-01
2.528002705358903812e-01
2.658922551472864271e-01
2.224478660609375547e-01
2.575430208709909019e-01
2.328446113486846714e-01
2.734366626115792842e-01
2.220520379461082272e-01
2.518006337534377526e-01
2.492072076320717977e-01
2.455339666524460895e-01
2.589965487958460488e-01
2.212543099090678589e-01
2.578639670551498009e-01
2.276810508014924239e-01
2.505453008194122866e-01
2.189375735239572907e-01
2.533950763111060267e-01
2.163134621410508773e-01
2.227527289116578157e-01
2.105638991642476421e-01
2.399971142256353274e-01
2.592429855541301675e-01
2.246931859860891445e-01
2.477774928902924390e-01
2.257094956240775774e-01
2.176778774723350518e-01
2.081379240482511828e-01
2.639745137669346486e-01
2.200272593688745726e-01
2.600135514625915301e-01
2.089306197411156529e-01
2.204335317276945039e-01
2.111273649372067962e-01
2.097203878851143788e-01
2.247897809188123541e-01
2.227198226029053207e-01
2.146442409499147996e-01
2.162907330502419900e-01
