1.165919779384065214e+00
8.186796624502019615e-01
6.353731103530302349e-01
5.220893728109076148e-01
4.718167945892061677e-01
4.442588696799550929e-01
4.032648421986516074e-01
3.996942802316154619e-01
3.907371064125012561e-01
3.699220748949123005e-01
3.769253045290058557e-01
3.528761089785442673e-01
3.534315611103490684e-01
3.457387455283527644e-01
3.322491244580273451e-01
3.168990835390027572e-01
3.210659809487103611e-01
3.131834737308579752e-01
3.072677943241862719e-01
2.887639025859941033e-01
3.009998713192217901e-01
3.002405577472065934e-01
2.877365826772588786e-01
2.747807811009817525e-01
2.892260845787781864e-01
2.762368342460944648e-01
2.762074535888788818e-01
2.753757043285388062e-01
2.660340007683273944e-01
2.458797080702090077e-01
2.726316107573659719e-01
2.522408197774419492e-01
2.534583234200816770e-01
2.536452417376616197e-01
2.556484634572314674e-01
2.497454486857101086e-01
2.477973462422482509e-01
2.457787647276173382e-01
2.496094851800818581e-01
2.346491936785342070e-01
2.371865226699481632e-01
2.367881101987551751e-01
2.450689668377324382e-01
2.337145140283163336e-01
2.392000819334538786e-01
2.312126503785434939e-01
2.280704241574959545e-01
2.342900405575284728e-01
2.310457833139846762e-01
2.396078604355286468e-01
2.236411458446881662e-01
2.253640896063034693e-01
2.177279608549161360e-01
2.307919898606944908e-01
2.327199268846707469e-01
2.315283819153025335e-01
2.201578902049056430e-01
2.222662389922445136e-01
2.168517642380790866e-01
2.145814868411917986e-01
2.152665761204217709e-01
2.136963177532889835e-01
2.108385739459285868e-01
2.034529365870183515e-01
2.005472874417764950e-01
2.039299657744203798e-01
2.181925511588917455e-01
2.061324311478210380e-01
2.069761159977254739e-01
2.127400988566535978e-01
2.012497023423603648e-01
2.026513789998150850e-01
1.976288058031776540e-01
1.904620599539408876e-01
1.982663615240825294e-01
1.965355974832784791e-01
1.950591829592805970e-01
1.987821075161601836e-01
1.984809008314198930e-01
1.976908977389582045e-01
1.997153763784101088e-01
1.915891942869444864e-01
1.912768381061918099e-01
1.921907906777629294e-01
1.852275454468905458e-01
1.910750949024826173e-01
1.891747399197120927e-01
1.886204793965560456e-01
1.987042611831547900e-01
1.921019343541487401e-01
1.978017649032365877e-01
1.884938497753435027e-01
1.920356736178308876e-01
1.906913225836639469e-01
1.922071233830102144e-01
1.847781541099407510e-01
1.876917603155037750e-01
1.831276089588209643e-01
1.945791786722648187e-01
1.840287954492882683e-01
