1.241292715712624783e+00
9.294778588540969499e-01
6.921853778944248026e-01
6.900063877142257329e-01
5.761816954176458561e-01
5.841119469301420120e-01
5.242137867525011874e-01
4.965636683171674726e-01
4.983223054518598483e-01
4.334179664923853426e-01
4.290119328642706398e-01
4.258444569092539878e-01
3.716974225660490960e-01
3.808727772850040716e-01
3.600809876281162447e-01
3.985908118175860437e-01
3.568250118453011877e-01
3.550248912882887908e-01
3.600067848884966337e-01
3.679385666681217470e-01
3.446900457903211423e-01
3.196620273905784182e-01
3.588527870398732222e-01
3.118145690794939529e-01
2.942725702276142163e-01
3.081908444044860196e-01
3.510420298419700824e-01
2.838900495558053239e-01
3.037145980067285089e-01
2.987345253820665736e-01
3.043015451968070773e-01
3.143043162073651531e-01
2.753780801910553078e-01
3.265518343898464737e-01
2.907281144016474195e-01
2.972572301740011858e-01
2.830715018286923956e-01
2.733612689264717233e-01
2.739918807582427118e-01
2.831831093731313476e-01
2.804960872028511298e-01
2.616502938094319441e-01
2.635729648970688288e-01
2.656032114014288403e-01
2.633106903392030684e-01
2.862974877863024292e-01
2.519204549076264343e-01
2.546121696781174504e-01
2.700546359584866662e-01
2.531274063374308048e-01
2.432396099287328917e-01
2.721218363214055191e-01
2.556726181664563669e-01
2.741234114537516309e-01
2.333318600837011869e-01
2.407723445517558347e-01
2.806044523058310869e-01
2.525190080779914914e-01
2.255530094548163778e-01
2.497280700812885834e-01
2.703832153202360145e-01
2.312890592769769604e-01
2.357720163106256095e-01
2.264253894763738617e-01
2.286690843349322988e-01
2.600653030350215111e-01
2.277473665949802939e-01
2.563511301001951681e-01
2.399233877796502212e-01
2.124830509489036012e-01
2.513046065292731113e-01
2.396115329961817364e-01
2.526221827034753065e-01
2.106991218032128743e-01
2.867629407630834515e-01
2.458629124794709520e-01
2.325117273656257810e-01
2.147203421568091852e-01
2.596459002884318745e-01
2.307029787931554332e-01
2.201026582024252498e-01
1.886481478256709088e-01
2.100911998394065505e-01
2.516026541554768903e-01
2.205160445374220457e-01
2.330593957622720536e-01
1.957379578713375756e-01
2.123812092847641719e-01
2.337163359156813891e-01
2.660147788897126442e-01
2.141335812936437100e-01
2.433379399317464054e-01
2.076829157164573336e-01
2.253399659894741447e-01
2.064038749727805655e-01
1.977385030987768577e-01
2.122314985270706278e-01
1.876427253014025520e-01
2.118289857674389987e-01
2.108846039966210950e-01
