1.152946988124222694e+00
8.448329842220223540e-01
6.589276353072551773e-01
5.788075799116658704e-01
4.857270713408906038e-01
4.900477335392423583e-01
4.374124996098497364e-01
4.317216031260551756e-01
4.420820934396236801e-01
3.661471595707379012e-01
4.248262000141828088e-01
3.878482754426092471e-01
3.670865153737292164e-01
3.937253161277133873e-01
3.297870158383748307e-01
3.084928599094395318e-01
4.074354459276784968e-01
3.577783419614565252e-01
3.472909062709238492e-01
2.860629013811823995e-01
3.474668009015818293e-01
3.149510430173462217e-01
3.455936159507090322e-01
3.129405667124861012e-01
3.508925652439666698e-01
3.284546974412084763e-01
2.952830819403336471e-01
3.334287037506579177e-01
3.280998514556147105e-01
2.731296074989041367e-01
3.639891295756761957e-01
3.034826504061046148e-01
2.838442900600813834e-01
2.775189770936939970e-01
3.432612380705055699e-01
2.755288781549738442e-01
3.280037079530493949e-01
2.911002918662423111e-01
3.047228882590001797e-01
2.975567869917588593e-01
2.886768128054201799e-01
2.704801213139732541e-01
2.905534032536619682e-01
2.617644832242715935e-01
2.973335056213053385e-01
2.754419459843502893e-01
2.848781917646617812e-01
2.657412175055209325e-01
2.514386546279973600e-01
3.044582694192635719e-01
2.660568513110273536e-01
2.622476616479874068e-01
2.459657338251394487e-01
2.632339499189857990e-01
2.776245110529441673e-01
3.269160262921538274e-01
2.730479939315921256e-01
2.513336892323209670e-01
2.972803778294953458e-01
2.930010660207851836e-01
3.053171062420859672e-01
2.788141151994096290e-01
2.781356010873355933e-01
2.674065965474307638e-01
2.646865230402243307e-01
2.928275934839496553e-01
2.315258757246068666e-01
2.854972703122857225e-01
2.312588257047604734e-01
2.745361342838501528e-01
2.329159050389347507e-01
2.607783260678784854e-01
2.597024949475623679e-01
2.681573828644532309e-01
2.479220631523027518e-01
2.429412902193135437e-01
2.122990896289272678e-01
2.641751401006312006e-01
2.443801999026395111e-01
2.338535744832577201e-01
2.223382018949897621e-01
2.464067003890411667e-01
2.316760682926666814e-01
2.411297550449077176e-01
2.234387988902249711e-01
2.318456937640022697e-01
2.432543368717788590e-01
2.313679554482539480e-01
2.638420324893132607e-01
2.261167045761640071e-01
2.397197258732834124e-01
2.280407712277871257e-01
2.410039594264331009e-01
2.260349650594377091e-01
2.746519060132153744e-01
2.138586157626558570e-01
2.336673204064199927e-01
2.131866313074480268e-01
2.821875237038297124e-01
1.958592155156516079e-01
