1.131893157661623350e+00
8.590979905759057456e-01
6.996925889946639110e-01
6.054763728137527723e-01
4.820945231509232154e-01
4.765740327447238189e-01
4.277252479008738506e-01
4.341726714622199945e-01
4.466070480613392735e-01
3.699606788657013867e-01
4.297810594859223232e-01
3.824629452840291877e-01
3.661761773566995504e-01
3.999169501259774995e-01
3.381046977164179901e-01
3.168155688109053902e-01
4.178624925006270141e-01
3.688577101098858280e-01
3.415555561073464474e-01
2.897049794328036554e-01
3.440569525574100895e-01
3.088836510694796256e-01
3.470531687177155766e-01
3.118047624471248502e-01
3.556460536896705604e-01
3.248967824480696320e-01
2.954647470308061630e-01
3.293194053824418654e-01
3.335744577408348288e-01
2.790937329742560480e-01
3.774084232162122632e-01
2.961065409294058037e-01
2.781516800035109815e-01
2.759196254432345619e-01
3.400810046976955325e-01
2.766105716490582234e-01
3.495496246816618968e-01
2.944288926834506270e-01
3.047129988723144556e-01
2.952588226078111111e-01
2.891401906637002805e-01
2.619036364224365809e-01
2.918993483683104406e-01
2.553159024181511638e-01
2.918928738041254856e-01
2.829071868720153815e-01
2.718741834060098839e-01
2.561834808167131605e-01
2.487450069945560394e-01
3.115393501984831670e-01
2.634026942058969589e-01
2.631834819693205096e-01
2.391420674593684181e-01
2.544524306108882916e-01
2.742033787121336830e-01
3.061014083853623724e-01
2.672547909930765853e-01
2.505505778519921956e-01
2.929424254079485701e-01
2.949728154620244180e-01
2.924639318897787610e-01
2.798658919637974640e-01
2.715875141153135663e-01
2.550443373107563749e-01
2.570940266379879158e-01
2.687783205426446664e-01
2.292248351437842779e-01
2.832757437815609514e-01
2.245206954047894166e-01
2.615469731999311431e-01
2.163433306445115556e-01
2.511171881947745765e-01
2.464923635078125896e-01
2.543313946606656772e-01
2.286309567036547696e-01
2.358428198030439182e-01
2.085953507299290466e-01
2.693828448860148828e-01
2.334178619220450002e-01
2.357156934440224616e-01
2.168584157636395116e-01
2.560571930578559030e-01
2.246018929952705301e-01
2.326896198398374638e-01
2.149911928278001594e-01
2.342230330006933592e-01
2.344806484085761034e-01
2.191836124483480253e-01
2.485266369443504819e-01
2.175041843660951990e-01
2.376163313621263706e-01
2.213765639983981404e-01
2.335365038645852709e-01
2.256852936682056665e-01
2.593864191368907002e-01
2.148650875173216124e-01
2.338749304267110640e-01
2.067980855817447561e-01
2.565049970609206698e-01
1.885475862337057662e-01
