1.251112908608927876e+00
9.228382873566258748e-01
7.741721193706941895e-01
6.135849132279614926e-01
5.690212020208911259e-01
5.314430116824983008e-01
5.284274648820227460e-01
4.821669088967973638e-01
4.690504399332350305e-01
4.433143978385579720e-01
4.295260833854742666e-01
3.874017858137406289e-01
4.100681537477831595e-01
4.167073728015113221e-01
3.797943965555464763e-01
4.032499303198685547e-01
4.089725386362580428e-01
3.875545330931890464e-01
3.668725931867683476e-01
3.718097812978048422e-01
3.293629456288077462e-01
3.184466034805918944e-01
3.409770252092342302e-01
3.676804376444454125e-01
3.186005687669229980e-01
3.521543154442934864e-01
3.432506256837973835e-01
3.149792101471186045e-01
3.250439095477654639e-01
3.086179071656962591e-01
3.304853061436126560e-01
3.358974389722334530e-01
2.859528766374192510e-01
3.173998352185387062e-01
3.348253109674254047e-01
3.112775923409217826e-01
2.828360576475907884e-01
2.914990647917762856e-01
3.193681044176664430e-01
3.126506803223109143e-01
2.883495117490653126e-01
2.785140461158531755e-01
2.851266461102380800e-01
3.367019700981233044e-01
2.965724817949494940e-01
3.022577059017091394e-01
3.088784109252143417e-01
2.527480384884591147e-01
2.853500397971854285e-01
2.893507992242699833e-01
2.689865219859790546e-01
2.729635983160335067e-01
2.720093129073047900e-01
2.753947453762931041e-01
2.798513566729931012e-01
2.640738761104913790e-01
2.804625816896465507e-01
2.666055484558884636e-01
2.661721633876507620e-01
2.725209613282673082e-01
2.617074741013111772e-01
2.822638161177614124e-01
2.433138803925188332e-01
2.953209398567336330e-01
2.647518331611310449e-01
2.812579090443702023e-01
2.708306688211968849e-01
2.262801951031411518e-01
2.697265755722905167e-01
2.471565034964883500e-01
2.590316584060740612e-01
2.451075251985171399e-01
2.864341953920134243e-01
2.631286313314360470e-01
2.483346237413330826e-01
2.664568612087651056e-01
2.379190235364520289e-01
2.426115703352904052e-01
2.354090928630216129e-01
2.782122173821195976e-01
2.290317757426472978e-01
2.551773213177353505e-01
2.235063640885683045e-01
2.461806120248481444e-01
2.374243652950153438e-01
2.570616492672765929e-01
2.600882382948956351e-01
2.134669198492153974e-01
2.364296560381069501e-01
2.932859262189901894e-01
2.549245140144890120e-01
2.518222427890842718e-01
2.458442259225055437e-01
2.291782450559650408e-01
2.154301561775591733e-01
2.325597615224904158e-01
2.248455005882164515e-01
2.381991200518801810e-01
2.240715246103935354e-01
2.239227491615998766e-01
