1.242652069651347668e+00
8.759672018709162566e-01
7.713324051880529053e-01
6.270001868018081348e-01
5.705824684319870110e-01
5.322488613880933528e-01
5.278757872147012975e-01
4.775675647705260873e-01
4.593021957250251752e-01
4.425492830226404051e-01
4.118950046005082077e-01
3.717614715901395028e-01
4.041287243808634466e-01
3.860069716044627897e-01
3.588205716548487079e-01
3.739422005850939756e-01
3.808847770576808123e-01
3.533632246293009205e-01
3.452976003173110486e-01
3.443446683293859278e-01
3.015346427761535497e-01
2.862412862395734559e-01
3.080431966306774738e-01
3.380315474930559727e-01
2.917746299738530058e-01
3.297575200485834968e-01
3.139744808915728713e-01
2.800569042215926285e-01
3.034834802611309224e-01
2.893743660632054904e-01
2.960619776292234828e-01
3.112985890683125922e-01
2.617486033939631085e-01
2.856912884297950761e-01
3.004712406290562243e-01
2.850192678360660148e-01
2.607189355099467365e-01
2.639302359282539867e-01
2.951295250924207969e-01
2.886632417847284637e-01
2.638074711425273944e-01
2.651035159882150771e-01
2.602838938732845442e-01
3.147885659283233828e-01
2.729937460674157212e-01
2.849039571734830467e-01
2.818571373382553480e-01
2.363541963586410222e-01
2.618000547944708822e-01
2.647813399655655764e-01
2.476349510347811145e-01
2.553776991820609910e-01
2.514432538294048558e-01
2.581450071104572919e-01
2.668334100383970009e-01
2.379537670444575315e-01
2.665775677488959605e-01
2.507673010411720638e-01
2.522953561228803432e-01
2.533682615477118594e-01
2.450247647438782150e-01
2.628399987264817272e-01
2.315744339096160453e-01
2.770892952915650076e-01
2.446486759909498598e-01
2.627689237991432947e-01
2.487345753237220625e-01
2.120515790068906448e-01
2.569114584072448859e-01
2.329281884923104506e-01
2.446404657824777507e-01
2.336303997515423725e-01
2.689024118313706468e-01
2.483115095894739000e-01
2.386012871009223768e-01
2.470891625189226004e-01
2.262196833118338135e-01
2.318145336443857563e-01
2.218635492152146449e-01
2.647341749867488936e-01
2.190796452796238136e-01
2.390718266414094129e-01
2.139630309899293314e-01
2.345243126177295745e-01
2.257946024391656314e-01
2.425031754999857347e-01
2.448050266125089414e-01
2.042323354645979305e-01
2.222972059844647297e-01
2.782530559159896999e-01
2.358155138830824171e-01
2.427418323952438561e-01
2.332045672352879850e-01
2.210133090424521440e-01
2.053631456215411488e-01
2.213923041178494366e-01
2.057111844072169737e-01
2.199493891478786212e-01
2.124759348142866711e-01
2.085619425038984232e-01
