1.218863629923997660e+00
9.072042032409164403e-01
7.728904432726402263e-01
6.122811574997233386e-01
5.574022538679577199e-01
5.230426310370720477e-01
5.220444648408317789e-01
4.776236640290282831e-01
4.593397875954752796e-01
4.519523102297077766e-01
4.257421090874376479e-01
3.751349728307730724e-01
4.063504344951663905e-01
3.987004740850098594e-01
3.785218262908920384e-01
3.871451715695863882e-01
4.022021116076850977e-01
3.791427821673926113e-01
3.624333613075951810e-01
3.610293050622153666e-01
3.189103358130872534e-01
3.094568683657780150e-01
3.238694245004286598e-01
3.530441440276993470e-01
3.073750092626146291e-01
3.413327299425378270e-01
3.336129714961178494e-01
2.974558364214553441e-01
3.178741707790317395e-01
3.007562132680589029e-01
3.065139535089302925e-01
3.211900464996458870e-01
2.781930399158599743e-01
2.925877268469859738e-01
3.210621064385066892e-01
2.970040060014959571e-01
2.690087931324335879e-01
2.825231979316643605e-01
3.077207522986042942e-01
2.997890994839296219e-01
2.806184345674463954e-01
2.690266868722795413e-01
2.739539297427937559e-01
3.235392612609228058e-01
2.938037191678710136e-01
2.962199103002975953e-01
2.964587688716320280e-01
2.497037714375674733e-01
2.754361839876909301e-01
2.825190805106919112e-01
2.662867118287654544e-01
2.717824284000606161e-01
2.702545655928286217e-01
2.682098436453069779e-01
2.762320621537436294e-01
2.566599280561032148e-01
2.742006227451986300e-01
2.613387860304595689e-01
2.571823591743881976e-01
2.622458400448366422e-01
2.522685522478035347e-01
2.636932431631486828e-01
2.355773189367205145e-01
2.756497819259038362e-01
2.500230395168331898e-01
2.654043272090392258e-01
2.579934734255412421e-01
2.189586177823488744e-01
2.705562915028043580e-01
2.374858955914054826e-01
2.535092569420853148e-01
2.417419028471087528e-01
2.773200450502343317e-01
2.531727240782430388e-01
2.444724478184784888e-01
2.544604468444392475e-01
2.385332529507629418e-01
2.407618277775962490e-01
2.298249031736656067e-01
2.718863446684834928e-01
2.276629854103960626e-01
2.531454269684601521e-01
2.237366902164649451e-01
2.427995149908535599e-01
2.297451204771031041e-01
2.491946885960132363e-01
2.532401151435693665e-01
2.127539184419612039e-01
2.371602933655003742e-01
2.753862120993819662e-01
2.487053550819201264e-01
2.505907597746183102e-01
2.391097828934468372e-01
2.230772484357128604e-01
2.089348264629609098e-01
2.249607398015576187e-01
2.140649456812578622e-01
2.308687103658813022e-01
2.104572839678300333e-01
2.193642399734516135e-01
