1.189692875590815380e+00
8.725525558391575842e-01
7.004003372405598338e-01
5.798538406991164962e-01
5.314292303117008620e-01
4.753777966586987813e-01
4.445930378668312422e-01
4.148749030800191195e-01
4.057637211908923236e-01
3.842127803908999550e-01
3.670998397349450326e-01
3.537687124277725803e-01
3.406031706794235836e-01
3.330172312124650702e-01
3.256874019138001897e-01
3.149733340666111547e-01
3.089333453793144391e-01
3.006016149732409493e-01
3.004143735423788764e-01
2.903693890818993539e-01
2.857700054214180052e-01
2.821162195611117696e-01
2.775304729293701089e-01
2.719774550198179597e-01
2.688929701944561268e-01
2.679302513689126308e-01
2.641381599199103536e-01
2.641489034913716560e-01
2.594141976747013634e-01
2.538438750457761017e-01
2.489653851780268268e-01
2.473152594439767538e-01
2.472841893408172509e-01
2.449702706649329043e-01
2.486857900185210080e-01
2.437165240710021386e-01
2.387844498739257748e-01
2.378287916637769894e-01
2.375620133212898999e-01
2.334531165829633603e-01
2.339537186625302856e-01
2.278107653930545040e-01
2.303406364570631248e-01
2.261157691316487417e-01
2.308194261067419428e-01
2.262985377700824363e-01
2.233333043870340262e-01
2.216802738248657145e-01
2.183595070924333470e-01
2.226334238352927208e-01
2.187368656825796620e-01
2.158548833392975319e-01
2.178644787059771382e-01
2.143667398730894347e-01
2.141890296462707344e-01
2.141059749986761462e-01
2.102279641888968320e-01
2.141569816111254521e-01
2.153387941056968680e-01
2.117655792382576452e-01
2.092476379289295585e-01
2.070788619728122504e-01
2.063031051482261125e-01
2.033368682990178145e-01
2.054551208707206533e-01
2.069832873491883607e-01
2.048575940737158430e-01
2.040351604860640156e-01
2.051201614775617355e-01
2.044810818454412260e-01
2.004200847708645927e-01
1.990797753511425738e-01
1.970090466514090033e-01
1.993210509475213110e-01
1.974036080207825228e-01
1.981533301377571554e-01
1.952611630716504509e-01
1.978504863413057535e-01
1.969478683757240056e-01
1.953768090981563010e-01
1.955667952872592041e-01
1.955409455401199703e-01
1.919456424153722918e-01
1.950151735692111088e-01
1.906344875002130290e-01
1.865641042045757259e-01
1.913176440902540631e-01
1.886156680853562639e-01
1.894222578389196943e-01
1.898850558779051345e-01
1.874633397926430967e-01
1.882193048640458111e-01
1.855392737558591576e-01
1.818787370535318026e-01
1.856313980601653757e-01
1.817013567571940102e-01
1.827691431019021207e-01
1.814349497579231529e-01
1.835627959865042680e-01
1.832712026131192717e-01
