1.145169349931866254e+00
8.187183463292934116e-01
6.407659201668367555e-01
5.843646039499649225e-01
5.661676586327689664e-01
5.827612972169433636e-01
4.754423680491686177e-01
4.471881935658880147e-01
4.788728136740093011e-01
4.397403627326061937e-01
3.595655220721120093e-01
4.240443904609996761e-01
3.652028058034250124e-01
3.832068700102202463e-01
3.388741940699798727e-01
4.113289145685170567e-01
3.577693770286457520e-01
3.819953114571552621e-01
3.415253608742802038e-01
3.369635163806859457e-01
3.002136896091235907e-01
3.227320592733943228e-01
3.541375047135225662e-01
3.352317287463230100e-01
3.351389126105056571e-01
3.061744555559334779e-01
3.579734881146806602e-01
3.189330467218651211e-01
3.196195652508176943e-01
3.135774708954706669e-01
2.797424846008214616e-01
2.912931794748367942e-01
2.947767248601563805e-01
3.380572084378842823e-01
2.906859403641753881e-01
3.188280623063090014e-01
3.014534771993542250e-01
2.645944386803428250e-01
2.827452066485595106e-01
3.213426867987202451e-01
2.870864221726814325e-01
2.901056293359599025e-01
2.866145823143426141e-01
2.717300031607626787e-01
3.070236439313547838e-01
3.008979673573887181e-01
2.805743887548172166e-01
2.833416753842313840e-01
2.943771661797539019e-01
2.717318390608373657e-01
2.538809132846434613e-01
2.815356161262373980e-01
2.533488977501286987e-01
2.619815064346288080e-01
2.520222748292051951e-01
2.632686837849961270e-01
2.560036357413474906e-01
2.616330624935494509e-01
2.275838267649268887e-01
2.402939288706292253e-01
3.053334604458462498e-01
2.112534872305373845e-01
2.494244459163744154e-01
2.490194427363586482e-01
2.294022167861727579e-01
2.462531580050531521e-01
2.216266437006927659e-01
2.553488184049370613e-01
2.228185485130454724e-01
2.260266427738946704e-01
2.462810436900052802e-01
2.409785228699962700e-01
2.677313270204743634e-01
2.159109892356991245e-01
2.541763402531319604e-01
2.288846461133883792e-01
2.362578368200173862e-01
2.311161165451959820e-01
2.624016693526471933e-01
2.222190549446797780e-01
2.381483546147001307e-01
2.088592487948373877e-01
2.317329633604860439e-01
2.551370179565078944e-01
2.193100352448072721e-01
2.602606067612202034e-01
2.172784453431159390e-01
2.204965210949993148e-01
2.234504683416763393e-01
2.705051172251323743e-01
2.128536225120485348e-01
2.738264592600766489e-01
2.336882988852737042e-01
2.351120727800935784e-01
2.210766452708211316e-01
2.210302610207522667e-01
2.103734415158801663e-01
2.038674011557637389e-01
2.166067842882029859e-01
2.174018139653647042e-01
