1.189440390125981573e+00
8.964923133923659027e-01
7.929431516641189948e-01
6.180344215666668806e-01
6.170227190331452061e-01
5.427953374234515405e-01
5.442213778160838178e-01
4.875718514838921491e-01
4.598072046637564081e-01
4.303478619110725489e-01
4.136931935048440145e-01
3.823552604530849330e-01
4.089565043160648949e-01
4.119454216861683227e-01
3.707504801949604856e-01
3.937832797321476619e-01
4.089342231632963620e-01
3.787937485803362647e-01
3.565147095908195451e-01
3.684033154403228982e-01
3.309350691607679806e-01
2.969825610931963178e-01
3.299048738845727913e-01
3.475457339190523021e-01
3.089757633345637799e-01
3.490848598357678134e-01
3.266576815363581021e-01
3.006570016658184907e-01
3.243412198716523198e-01
2.994813024020428482e-01
3.069054054788400987e-01
3.305404419850365705e-01
2.723824110346240168e-01
2.997360846880129381e-01
3.218968236059881471e-01
3.045788988438827283e-01
2.690999090887831735e-01
2.859530992491267076e-01
3.155498916470459991e-01
2.986776057185043798e-01
2.800796678509711035e-01
2.681045563642785456e-01
2.735876053404551200e-01
3.248090771567210266e-01
2.912708356684827748e-01
2.975642822604408488e-01
2.942620148721490914e-01
2.509514822405145562e-01
2.692551681927198293e-01
2.766789212454332514e-01
2.688477020500005810e-01
2.643757312665320214e-01
2.617200036787014072e-01
2.659996409122216132e-01
2.667360513274321665e-01
2.548216763436180754e-01
2.676839473455500662e-01
2.520018476329267676e-01
2.563773844327540963e-01
2.577455572879540635e-01
2.499735930871294920e-01
2.644644877831658358e-01
2.366178083741017901e-01
2.807247295871214687e-01
2.527543718893664471e-01
2.648385404446246261e-01
2.566507811741598477e-01
2.171006286949362651e-01
2.673643905028723067e-01
2.379136511424616018e-01
2.442916164386594313e-01
2.375220574072779978e-01
2.718436772601072748e-01
2.555611250368541865e-01
2.359361814931138501e-01
2.516211691325271893e-01
2.306593105134864818e-01
2.305493987563365654e-01
2.304397874796718926e-01
2.752879655179646945e-01
2.265875195915008911e-01
2.389033655435157666e-01
2.165307783832153277e-01
2.384486173687987431e-01
2.232978655627318454e-01
2.464760815164754038e-01
2.536666227251265227e-01
2.036932377834756447e-01
2.197460084405125080e-01
2.769526940874252885e-01
2.373429947021180875e-01
2.424147786462597653e-01
2.381112911012947531e-01
2.153143558389514767e-01
2.079840282136596608e-01
2.246970417705454748e-01
2.114857703612785245e-01
2.225546991871196756e-01
2.110156009757348239e-01
2.195310446516039460e-01
