1.183918449438753573e+00
1.018853411674262910e+00
1.172968730108723712e+00
1.062560788728178496e+00
1.254162664290281004e+00
9.099988431694014945e-01
1.020515048731295726e+00
1.202400807670667593e+00
8.873822993307802776e-01
8.241768306714025716e-01
7.320010861850210215e-01
7.481555507820514261e-01
9.259718017468140383e-01
7.847988154163052510e-01
6.891200499597729401e-01
8.590028833572175282e-01
1.116947395031029799e+00
6.473022614259658081e-01
7.958005281722310142e-01
7.024922095188604887e-01
9.431323636961636003e-01
5.991121657546830681e-01
7.272055874212038917e-01
8.173353299057621868e-01
6.513688264524357674e-01
1.061548641893330203e+00
6.745810099293936268e-01
5.581412778923671159e-01
5.885312445915881208e-01
8.357450259852090557e-01
5.416345681128136302e-01
4.933085066696392684e-01
5.140312237010913332e-01
5.668274447457893883e-01
9.014802213447714596e-01
6.143791193895278280e-01
8.041618080131028856e-01
5.351477585322168551e-01
7.714250287399898598e-01
5.026428300292703488e-01
6.209140055015062165e-01
7.002944128353087994e-01
7.147555017878728378e-01
4.203708707951108181e-01
7.242096100860033747e-01
7.758258729094402728e-01
6.445292170643289742e-01
5.251762146190259717e-01
6.990789338193744706e-01
5.558077662112683726e-01
7.267956058572210276e-01
4.107294418737957864e-01
8.690032241148724079e-01
7.798321464432811378e-01
6.547202149624936629e-01
5.654987909644841881e-01
6.847429091876875429e-01
5.500199766438897964e-01
4.288873427558897444e-01
5.264560906406881013e-01
4.726804266315145497e-01
5.195502236913371874e-01
4.619261679324573322e-01
8.048409237161144869e-01
7.759044136163512073e-01
6.105919852259584779e-01
4.902980600306691139e-01
4.056931464144782895e-01
7.179690663364849401e-01
4.427044262506754646e-01
7.102707397355771946e-01
4.740877951728623141e-01
5.407972192466850014e-01
6.135119515726977779e-01
4.679593552550124214e-01
2.999461840087888076e-01
4.331083204571771761e-01
4.511863428304297985e-01
4.492154679207412404e-01
5.439488740080361540e-01
5.840511369107824757e-01
6.120699410258604312e-01
6.936680115032225480e-01
7.073867226318559798e-01
6.649718522006343724e-01
5.285078324787245707e-01
4.509093637402827315e-01
6.527384033679208830e-01
5.253567624090254018e-01
6.493736754365944108e-01
4.022010264697426507e-01
5.565829358457713427e-01
5.980405175575035370e-01
7.130976192510967149e-01
4.411639622257659821e-01
4.418549933167811306e-01
5.549692519922326817e-01
2.724798253127743708e-01
4.396092336960432112e-01
5.474437585678024742e-01
