1.224691375220499978e+00
1.100955096673515987e+00
1.322091796053504575e+00
1.165532535998298425e+00
9.535620260896783273e-01
1.139068655785843376e+00
7.700897516664413356e-01
1.221614789230492715e+00
7.719928717319927136e-01
6.988497669712774307e-01
6.135430525909990607e-01
9.977212057797503197e-01
7.458952272323075006e-01
7.309301093579639863e-01
7.730822139298986206e-01
1.187839656043221170e+00
7.620262158006902986e-01
5.873626315396219821e-01
8.141998891094501811e-01
7.834461138873267672e-01
7.472975337920345629e-01
6.374843395369216292e-01
8.728777704747422428e-01
7.117580980492665965e-01
4.204490647691317418e-01
8.510508434343048156e-01
7.069902477644472993e-01
7.574244258962866683e-01
8.419375590315757441e-01
6.310273260386395355e-01
5.248866280880387647e-01
4.259321938358572313e-01
7.161287993339763291e-01
5.801091963405716756e-01
6.028688210603995179e-01
5.111558078212574685e-01
8.451736534631677511e-01
6.075949049715306804e-01
7.864897969081682261e-01
6.380561090216395614e-01
4.150236434447209244e-01
5.538849134571287580e-01
5.198273409497702335e-01
4.424912309217680639e-01
7.319045095346454755e-01
5.807146716669656650e-01
6.015925259108004797e-01
7.343891331418589408e-01
3.065256749625568933e-01
4.885203522622053041e-01
4.060307833077256845e-01
7.756927758544022167e-01
5.496359627266740322e-01
7.104814937568255662e-01
9.897809589388650853e-01
4.192046444629881075e-01
5.898589055363296918e-01
7.275787498529423525e-01
6.396381558634109954e-01
6.015349957002783521e-01
6.029745666000561055e-01
4.263226978156442470e-01
5.806050441230686809e-01
5.857027892421651227e-01
4.806242546059472653e-01
7.175555961332580335e-01
4.524423496832864489e-01
3.878460090921281855e-01
5.576855370381086363e-01
4.633569204875257475e-01
6.417164135558145466e-01
5.208630953285788845e-01
5.781987920743116849e-01
3.486863573660566873e-01
5.770116356624470644e-01
7.768544698636585810e-01
7.454533094953568195e-01
4.521798790105403532e-01
3.877337900410559035e-01
4.851978217074425781e-01
3.717068354750111547e-01
4.575356764728425452e-01
4.324086151740157424e-01
4.046837228950971310e-01
4.139823258466176492e-01
5.714766379562428167e-01
8.285558855664059141e-01
5.389777284070799146e-01
6.866063088133582681e-01
5.702815932079832173e-01
6.478101257717178152e-01
6.233213813312329377e-01
3.143444071798437434e-01
5.531927004177381590e-01
4.746715877651133120e-01
4.714123637728644955e-01
2.872729744680949659e-01
5.430928895375746190e-01
6.017154960926207607e-01
5.544736713206557255e-01
