1.336299716884654654e+00
1.023791109787566267e+00
6.911975526726906738e-01
6.510586645195467481e-01
7.079979860855059037e-01
5.026994935516267970e-01
2.607302046580136645e-01
3.917788768198807725e-01
5.276128536864971297e-01
2.994556361910266085e-01
2.751851409418778482e-01
6.351985691846347981e-01
1.840945336095238527e-01
7.392217089119552664e-01
6.207942094022615986e-01
2.216826945575626762e-01
4.053871445455228262e-01
1.758179176682633793e-01
4.922274085463747006e-01
1.717624317713651039e-01
5.539399952848523823e-01
1.102437334549806414e+00
2.385881265370936311e-01
4.576200947505160710e-01
1.816457229225489078e-01
4.585922050155285534e-01
1.886397714981123686e-01
1.416048869548527933e-01
8.309849855792903472e-01
6.710282445039890131e-01
3.087516520069385484e-01
5.971953310338702359e-01
3.657901708751484238e-01
5.134043546961453153e-01
3.839017430220043048e-01
2.813470082553674034e-01
5.544313724350924399e-01
6.467722703920053551e-01
3.175581461310040265e-01
3.854996932863773429e-01
4.154265659390338206e-01
1.091458626808206045e+00
1.250310783145808513e-01
1.770224799672238669e-01
4.480121678661059259e-01
3.405228357325262856e-01
1.363223667564266717e-01
9.212120418595322047e-01
1.608963601647054875e-01
2.772984344331264617e-01
2.195734313900870038e-01
4.836361656213730709e-01
1.380113533083986432e-01
6.080914997223993979e-01
9.164046539255246704e-02
6.781269549579947986e-01
4.323969585929198223e-01
8.927758039595104500e-02
6.327767761691646675e-02
7.494990250370796581e-01
3.867131215232312291e-01
3.739123033067224822e-01
1.563414076245055184e-01
1.775770233022802014e-01
4.973838411546745997e-01
3.764789826469919221e-01
4.290395764731764205e-01
7.215893368478953906e-01
5.690936920497231544e-01
5.216412412266688836e-01
1.480588909418899535e-01
1.542316199587367154e-01
1.086965130385801670e+00
3.049353199170827255e-01
4.717058558142818159e-01
6.426733703160236733e-01
1.664639680962301527e-01
6.246871858822199419e-01
5.572092350368605951e-01
5.182257165346696448e-01
5.764116213426279112e-01
7.452808472505660919e-01
2.143397621618813031e-01
1.072417982900939037e+00
3.444157944450906284e-01
7.671786860030209709e-01
5.814604546640598226e-01
2.421694823306590472e-01
2.563663648526445238e-01
4.246175521203111869e-02
1.023735045353749706e+00
3.963985081773223618e-01
6.321429060279901702e-01
6.188546248822379692e-01
2.644451703709912449e-01
5.453872735329753363e-01
6.359210216485720046e-01
5.348644200466562415e-01
4.445737869924163976e-01
5.520364714759032898e-01
