1.295512161161060494e+00
1.073651187618573477e+00
8.642047958288479048e-01
7.523072953743900060e-01
5.835701075981483132e-01
6.115550985821576191e-01
6.028876254267856449e-01
5.339534627620842189e-01
6.781142225137753998e-01
4.516856238707400162e-01
4.969742910964691229e-01
5.129929718158480201e-01
4.636876551523002599e-01
4.970668581255054397e-01
5.026002035675681823e-01
3.604150689501364746e-01
6.865265151354307260e-01
5.240767349156016941e-01
4.628496170689575528e-01
6.298732886442887091e-01
7.924707867891918056e-01
4.974147699628916897e-01
3.581170504025662504e-01
4.683610192752524215e-01
6.092574103945203046e-01
5.235647582768752084e-01
4.984327015211381107e-01
7.009416751449999428e-01
7.096858287957118483e-01
4.589323861267884941e-01
7.374365056975767940e-01
3.566893450049617442e-01
6.437781250985201709e-01
6.694212259411128629e-01
5.711965739642865802e-01
5.161253835321579775e-01
5.247474326888909024e-01
4.116279268708762373e-01
7.179645845851764241e-01
7.623178949235860369e-01
4.426942590063302485e-01
3.787935976813973094e-01
3.750801613711924887e-01
4.763082209348151741e-01
4.791362175794290357e-01
8.659391286849518199e-01
5.419907626376996301e-01
4.281015211835441647e-01
7.113260397646877786e-01
6.646309951004307770e-01
6.902630226112689282e-01
7.732212005511762687e-01
3.207719943042123267e-01
2.753943048622213841e-01
6.867202440531456897e-01
7.623785754439393880e-01
5.417632616696851366e-01
2.356387823067106757e-01
6.557730415305681460e-01
6.145301082087497591e-01
3.654553726148291326e-01
7.146171416059817760e-01
5.632204182034588058e-01
4.213974107231180932e-01
2.515011362257992267e-01
9.656726383716105477e-01
3.807927019662052381e-01
7.126480027803088202e-01
8.286063636746708871e-01
6.764739136010241571e-01
4.858281968338167833e-01
8.299856337190665290e-01
4.346972800529290137e-01
9.461268455523151877e-01
3.191674319070410548e-01
5.252118955819093937e-01
4.928430940974165564e-01
7.907107809591602532e-01
3.520742215485881954e-01
5.032144160956446566e-01
4.237376994935985186e-01
8.403632081589922365e-01
6.410524363312510854e-01
7.173018728169598957e-01
6.072606392481254556e-01
5.329758058421747435e-01
6.144028011245781240e-01
4.666216728015954440e-01
3.561534476686273876e-01
6.969477632203072703e-01
7.098460765564682529e-01
7.775137038959469837e-01
4.578717639205806544e-01
4.959672647550731339e-01
8.258046144323391013e-01
1.133453008071783508e+00
4.178209885575511207e-01
4.650407986760554668e-01
5.364464726557000018e-01
7.243207936202645802e-01
