1.258384758342826037e+00
8.912624747759055888e-01
8.580323962718248154e-01
8.147956899851559465e-01
5.882187926326361005e-01
6.079875308428668301e-01
5.736166906656091635e-01
7.157889889631612323e-01
7.552138841028309679e-01
5.041801509231491618e-01
6.322707447610345088e-01
4.940091023812485105e-01
4.998544027268375656e-01
6.482381333318087968e-01
6.155004091422472401e-01
3.886944764494185689e-01
6.579392507384191902e-01
4.643956540459637239e-01
4.765732657556803753e-01
5.010924655444115583e-01
3.930538182107815581e-01
4.596914265791484655e-01
4.944485601057596047e-01
4.064600574932441535e-01
5.698528634190369591e-01
4.217257363060747943e-01
5.247486184853640268e-01
4.793655316857990956e-01
5.255414435134717621e-01
4.166903518360113301e-01
3.879266382665222945e-01
3.863966622293487085e-01
4.427877132710594243e-01
2.954004357597995734e-01
6.407076344252509159e-01
2.995255805783986203e-01
6.298226833221207688e-01
3.623558795561532264e-01
3.714874950210618754e-01
4.170817217969535196e-01
3.971832172728274601e-01
3.956157994993895199e-01
5.328648499509952563e-01
4.148604401287890875e-01
3.084893466350068225e-01
3.741685283469786127e-01
5.665063549422775235e-01
5.937554665950302013e-01
3.166578691292816217e-01
2.952692595357300220e-01
4.329704440628929230e-01
3.721306146028535156e-01
3.337783607706789613e-01
4.763484301021647660e-01
5.553155242076835973e-01
3.736311095087349043e-01
4.976298616493221583e-01
5.308448958890534808e-01
4.567770842978594592e-01
3.118642317250500673e-01
5.042400817684926650e-01
3.376204690467806691e-01
4.974411069717423750e-01
3.654268070064870533e-01
3.644868944902809882e-01
3.287156589308770638e-01
5.803644062859545372e-01
4.871089428820608580e-01
3.218272064536891186e-01
5.276505117167826775e-01
4.617351134239909283e-01
3.200541221506543743e-01
3.959791208629853121e-01
3.996354426305624430e-01
2.482454233244532626e-01
4.130445489964088557e-01
3.616025351290147460e-01
5.170426995368206935e-01
4.309262302848658743e-01
3.197276601707431665e-01
4.424152776261924269e-01
2.506623234642338938e-01
2.767951113579070754e-01
5.687514377337066218e-01
4.778230479189939928e-01
3.535788330874056751e-01
3.573768011479381834e-01
3.215210183545815226e-01
4.028593729632684028e-01
2.943123583320433889e-01
4.619605001711478143e-01
3.707894475729114903e-01
3.346010310002577315e-01
4.027347657793657332e-01
3.543089611795614546e-01
2.873340888319285691e-01
3.495923579833261630e-01
4.419688290556832433e-01
3.386326658933766498e-01
3.225232068189448076e-01
