1.316281098343392575e+00
9.102448807337454317e-01
7.862442794266358836e-01
5.995374887578149847e-01
5.135241361688724915e-01
5.536785865877829060e-01
4.605822309191959230e-01
6.511499048576409043e-01
4.602029841644320607e-01
4.866180530974724694e-01
5.144351794807333622e-01
4.381795063063808060e-01
5.016765999483652205e-01
5.488292302612534090e-01
3.958648974042806024e-01
4.543603652028537221e-01
4.888002164918385795e-01
4.391520147356192116e-01
3.142680062705222044e-01
5.417923477030116564e-01
3.567846237792169362e-01
4.377459413427904344e-01
3.797476098993601834e-01
4.175768143761785511e-01
4.782366893284630827e-01
4.816860260313940434e-01
5.589928467353817432e-01
4.368970147780039115e-01
2.850646244505166127e-01
3.659939124039612857e-01
3.483781174584301699e-01
5.475998463615568967e-01
4.328021791398145024e-01
4.385376874951115722e-01
4.632349834216933360e-01
4.241276305223167786e-01
4.264293632575449355e-01
3.096517609357213319e-01
3.162521562393696417e-01
3.347287294492021781e-01
6.618211957917246036e-01
3.786667280960999138e-01
5.950986632374253293e-01
5.282398052600563165e-01
4.180735559111741217e-01
4.747954986069629624e-01
5.580429049658612861e-01
3.455092952161166187e-01
3.505161563756198362e-01
5.141919199318497613e-01
4.186554930897501414e-01
3.374734087823860751e-01
6.035672482769907088e-01
6.120191428754264695e-01
3.988470576279306568e-01
3.649235320927861626e-01
5.167948551771910370e-01
4.117642259774386693e-01
3.280333170773620521e-01
5.670275435094299654e-01
4.122821005161267927e-01
3.465954322606029647e-01
3.872934786279844110e-01
5.005633912021812959e-01
3.903550136087902689e-01
3.367809448160754004e-01
2.631648629749139268e-01
4.247091612009160633e-01
4.684468436522035151e-01
4.310057542862708035e-01
4.286740405517576735e-01
3.919412749455005174e-01
2.937083262331582345e-01
4.252920711042221247e-01
4.215939682164382418e-01
5.407362573280841689e-01
6.146970978516057560e-01
3.100211955114220430e-01
4.977057923414623386e-01
4.266478148059872910e-01
4.640773254257859470e-01
5.091772759098606160e-01
5.263487988470463286e-01
4.357045342586570724e-01
5.049961756327961959e-01
5.568905770288539170e-01
3.536423518362564744e-01
3.896983887041325367e-01
4.598654927193359110e-01
3.578709150966615793e-01
3.495549207105315692e-01
4.462171625811564013e-01
4.498017011108150776e-01
6.676391500758606101e-01
2.787041920649386828e-01
4.310178731636576943e-01
3.577397050812847201e-01
4.097391534564523985e-01
4.894023367417721926e-01
3.584391263322165844e-01
