1.240379677245919687e+00
8.586585314930431645e-01
6.804116079186164345e-01
5.752582049511727469e-01
4.933680613279460836e-01
4.812913778553051247e-01
4.018949773935482916e-01
4.047574829745889669e-01
4.446319718754037642e-01
3.917735409487571596e-01
4.499570568874715626e-01
3.664024025013685182e-01
3.437716385755991699e-01
4.021218320811943414e-01
3.537434043265680339e-01
3.530073886078790024e-01
3.853438686628477550e-01
3.361459917387566998e-01
3.248768506360114605e-01
2.985809534973028478e-01
3.096133999933846637e-01
3.170889887693748022e-01
3.233094654115719058e-01
3.041210255800460560e-01
3.461107673032152166e-01
3.446114493281761670e-01
2.984296112887668828e-01
3.192597653793128321e-01
3.742571224696839560e-01
2.561945238605518038e-01
3.554984505519853122e-01
2.649155589424111445e-01
2.375152893032746459e-01
2.780307125575403604e-01
2.885480734069944542e-01
2.316741541778711277e-01
2.364873982622771043e-01
2.694299374338997022e-01
2.627556373133965728e-01
2.828355816749822393e-01
2.652531458880326154e-01
2.246915372516927190e-01
3.203370810702171334e-01
2.232148649574351162e-01
2.895498355217920872e-01
2.502028819656036407e-01
2.853306558666608428e-01
2.625050802148924944e-01
2.120701992640955102e-01
2.408494967299896206e-01
2.888033728739248795e-01
3.238960172331516452e-01
2.401023180880089425e-01
2.292388232624766875e-01
2.563514091580353926e-01
2.981163277378749976e-01
2.264807085602226766e-01
2.269433572868732318e-01
2.062922802559384317e-01
2.576103568851578762e-01
2.562869725771025342e-01
2.810633083849397029e-01
2.142604304423043060e-01
2.478280694245167393e-01
2.099634678535375332e-01
2.349970907901768324e-01
2.792485707057258404e-01
2.635376459345467048e-01
2.022238488031831982e-01
2.793089126533813138e-01
2.275848695565661495e-01
2.307095489557959844e-01
2.667583327146271222e-01
3.219566276963300444e-01
2.190768386268926449e-01
2.572758468981787283e-01
1.876491470812331752e-01
2.080873767932918950e-01
3.071688913913087626e-01
1.962909395270363011e-01
1.938127906589210414e-01
2.337917042098621168e-01
2.175079469012735633e-01
2.251297379219986960e-01
2.355218623745372053e-01
2.018801511327850962e-01
1.882739184839366531e-01
1.774940871277907728e-01
2.360306790255177756e-01
2.336009251719935453e-01
2.055586983274231838e-01
2.634456438643789644e-01
2.190480438891604376e-01
2.202314594240073475e-01
1.830352119079918793e-01
2.139423156444666962e-01
2.161270164045746289e-01
2.181354793754240740e-01
2.459370919304371128e-01
1.723880787103258538e-01
