2.198400639959719835e-08 2.413425495432116898e-08 2.499674948092373606e-08 2.293913404975793885e-08 2.355329454567578063e-08 2.684559896567378686e-08 2.429605299763282911e-08 2.404205516174508924e-08 2.364073050166265770e-08 2.363974270260731726e-08
2.377008801707569654e-08 2.361605586497624390e-08 2.397373288921600932e-08 2.288133958498362184e-08 2.443763206932117840e-08 2.684559896567378686e-08 2.309391537331529012e-08 2.413699246934036425e-08 2.393181552755327494e-08 2.411368221013713283e-08
2.448110982267079836e-08 2.349144523957236817e-08 2.140513431080090776e-08 2.443325487124219383e-08 2.504088587414243734e-08 2.684559896567378686e-08 2.320252665755522770e-08 2.395512290153001901e-08 2.350073926779956382e-08 2.257654224711200950e-08
2.312714466813585537e-08 2.399436022572725463e-08 2.376302936631911976e-08 2.361397539675192080e-08 2.456085272932207212e-08 2.684559896567378686e-08 2.348861710711563408e-08 2.509585970285475098e-08 2.454440976032818907e-08 2.437004842770578734e-08
2.256892067447442523e-08 2.401278193024123646e-08 2.252615449023815435e-08 2.218907156705319506e-08 2.234454434758608721e-08 2.684559896567378686e-08 2.131045505766015292e-08 2.413652800999615156e-08 2.173029336981332162e-08 2.208907985694192795e-08
2.394642037227841141e-08 2.424627464601044163e-08 2.406928696541358425e-08 2.316694372554279652e-08 2.248936378557134356e-08 2.684559896567378686e-08 2.355929500833029851e-08 2.350587575453348390e-08 2.466757923241045291e-08 2.412595288176829110e-08
2.210204011508152042e-08 2.284839756411301880e-08 2.519233793188153435e-08 2.402192010937947473e-08 2.381452107365623280e-08 2.684559896567378686e-08 2.100692952979460871e-08 2.339096068090912792e-08 2.317493261195703712e-08 2.419096218247018916e-08
2.273389220161636286e-08 2.309700743176145648e-08 2.320841778822856403e-08 2.285426059174344483e-08 2.314659563593757528e-08 2.684559896567378686e-08 2.304881386872695334e-08 2.306760639245572116e-08 2.367790838069097333e-08 2.446663255702316159e-08
2.404570686560295809e-08 2.345989749048107853e-08 2.468735039402646276e-08 2.416331951108799246e-08 2.366707301248742248e-08 2.684559896567378686e-08 2.430867143782714871e-08 2.461944511857334628e-08 2.230976380144652059e-08 2.340713639063191774e-08
2.346111017645019393e-08 2.370464642252515639e-08 2.309809217631446969e-08 2.341392803597475714e-08 2.427624885095229917e-08 2.684559896567378686e-08 2.405954089075624270e-08 2.311051648730124964e-08 2.390133083829583819e-08 2.284272334342815107e-08
2.370305724604811463e-08 2.390515156798925511e-08 2.229038641523877835e-08 2.352127149641957669e-08 2.358679257575495717e-08 2.684559896567378686e-08 2.378896783234892127e-08 2.347161907240894335e-08 2.254677067678634875e-08 2.455609085644517461e-08
2.193665837862200689e-08 2.305562588964369838e-08 2.381360894990616557e-08 2.355759441730724024e-08 2.210510669788205798e-08 2.684559896567378686e-08 2.384410553209931659e-08 2.399207169728688603e-08 2.286973292949896947e-08 2.346447753280795762e-08
2.454982033416613810e-08 2.492775617090337765e-08 2.257842832217486062e-08 2.268116346521926604e-08 2.414724481580713336e-08 2.684559896567378686e-08 2.428236396959857689e-08 2.420396489240916860e-08 2.416439577539687352e-08 2.339734808108409111e-08
2.391313892829038765e-08 2.379770365867734771e-08 2.500902967468722143e-08 2.309156730150109322e-08 2.397590223377205826e-08 2.684559896567378686e-08 2.378324593183806523e-08 2.382741869608221289e-08 2.349300286438737317e-08 2.433850803953387225e-08
2.443412105614659252e-08 2.506234530202729618e-08 2.265826324554485370e-08 2.303109032756778268e-08 2.353099284140931834e-08 2.684559896567378686e-08 2.457196600222775854e-08 2.406775545022655135e-08 2.271931849381442322e-08 2.274144561851392145e-08
2.338405718446826573e-08 2.511599437785908773e-08 2.411026487070075869e-08 2.436131350540044177e-08 2.354363747417023735e-08 2.684559896567378686e-08 2.361088104924106321e-08 2.261667629872704945e-08 2.335854826967488793e-08 2.327815194435961722e-08
2.411845653773522142e-08 2.243891260552377835e-08 2.474167340742950060e-08 2.247794515555134746e-08 2.385363612002232481e-08 2.684559896567378686e-08 2.416525792950160448e-08 2.347480501713117268e-08 2.237231240882471722e-08 2.257109502914814204e-08
2.404150371736036056e-08 2.402832633691441544e-08 2.452087870352968329e-08 2.310107554626372406e-08 2.311813096913479539e-08 2.684559896567378686e-08 2.340391497131802680e-08 2.268824074830911467e-08 2.369656866581200013e-08 2.374163933464014454e-08
2.415565301706844175e-08 2.444715311544430706e-08 2.241894626250347422e-08 2.439258461522738133e-08 2.308115733853617309e-08 2.684559896567378686e-08 2.433100237739335774e-08 2.404931451001445910e-08 2.472557682578862940e-08 2.379293830408466275e-08
2.359678842756155033e-08 2.378905234063248871e-08 2.391358787787703889e-08 2.241118738474682076e-08 2.356589185533266482e-08 2.684559896567378686e-08 2.268203800577933533e-08 2.364407063923384730e-08 2.310236646086024536e-08 2.368762422950850640e-08
2.441665756677739539e-08 2.371833324691847979e-08 2.348155233281901548e-08 2.433437181226323791e-08 2.430506009532896325e-08 2.684559896567378686e-08 2.431326796115528093e-08 2.395510156308970658e-08 2.350454146296661324e-08 2.425912755045928956e-08
2.288309943723155728e-08 2.280010541390137191e-08 2.295365761261875106e-08 2.404811867347203101e-08 2.492520533276445278e-08 2.684559896567378686e-08 2.456194027799969993e-08 2.269324048714746188e-08 2.347373249147257328e-08 2.363394281125496356e-08
2.428479754645204986e-08 2.258169554942324141e-08 2.345217337817089837e-08 2.259546273227092802e-08 2.369721185587022212e-08 2.684559896567378686e-08 2.235443557724015795e-08 2.242922571751888402e-08 2.361473008250091972e-08 2.303656201307737717e-08
2.460831613323351394e-08 2.320888807894152873e-08 2.390233001370795161e-08 2.270309122986702774e-08 2.308416458699997288e-08 2.684559896567378686e-08 2.391176181532587284e-08 2.360721748628982785e-08 2.324407342214987166e-08 2.520944087707024326e-08
2.435679805704000546e-08 2.329285254568858312e-08 2.435028417426054901e-08 2.266542121432794618e-08 2.478863254877735987e-08 2.684559896567378686e-08 2.425370285097096651e-08 2.371594581200573713e-08 2.369706261676841394e-08 2.422963953879645997e-08
2.398825446824103188e-08 2.281211009341526819e-08 2.445705606939108628e-08 2.316338932019211109e-08 2.430763188414831620e-08 2.684559896567378686e-08 2.431717487716495107e-08 2.175093610672721358e-08 2.376586021904812751e-08 2.400902636549202854e-08
2.337632921103006575e-08 2.350208590578003722e-08 2.435152844403897719e-08 2.376027279491644569e-08 2.202696089585626693e-08 2.684559896567378686e-08 2.411587432619279683e-08 2.280296759961465828e-08 2.415563936830637853e-08 2.322932490233714762e-08
2.371742976973730405e-08 2.397169888196802462e-08 2.365905033263551584e-08 2.323515971323390601e-08 2.457823956125229955e-08 2.684559896567378686e-08 2.365674745239412315e-08 2.311323605382407570e-08 2.272003517947062021e-08 2.240040616195605038e-08
2.399015211346182408e-08 2.247263314151133374e-08 2.225553047037489541e-08 2.391359679432038810e-08 2.307529785488713160e-08 2.684559896567378686e-08 2.342823308973143904e-08 2.491024103517161718e-08 2.350910431368265336e-08 2.383936352404604213e-08
2.358125158261188795e-08 2.371462071198824669e-08 2.477336313797448664e-08 2.386509791596804548e-08 2.437166818478068562e-08 2.684559896567378686e-08 2.449812364685560122e-08 2.418440926491587197e-08 2.372649694817379259e-08 2.267733791053970907e-08
2.309676950780355169e-08 2.456236572186133567e-08 2.318197297030874571e-08 2.460322769829805948e-08 2.354309471069012145e-08 2.684559896567378686e-08 2.338038723543464654e-08 2.349495668841684500e-08 2.157811199952989905e-08 2.476034923714018468e-08
2.381795708235144633e-08 2.379948325533685309e-08 2.376832576552448133e-08 2.283291613324770889e-08 2.426507216261671943e-08 2.684559896567378686e-08 2.448377785433491831e-08 2.335090068716750534e-08 2.401980688616485733e-08 2.263518371599046121e-08
2.245163535244064292e-08 2.408950935385384531e-08 2.369254627447263895e-08 2.438878997686630609e-08 2.359350541561159861e-08 2.684559896567378686e-08 2.393229993012489234e-08 2.483778382247844227e-08 2.279750142592828064e-08 2.484540363703594461e-08
2.473403537663380837e-08 2.476444650516469504e-08 2.538621032468153656e-08 2.375306545053165167e-08 2.499046017528246213e-08 2.684559896567378686e-08 2.326446774939075678e-08 2.257317374769540003e-08 2.232685675667989556e-08 2.368085852842411125e-08
2.414963465437138950e-08 2.235128449149326710e-08 2.419704455620992447e-08 2.330029015703013775e-08 2.245998923091514464e-08 2.684559896567378686e-08 2.548763539575335986e-08 2.367863450405664007e-08 2.339849777794017370e-08 2.302121864952835405e-08
2.362222208383889031e-08 2.275665197374536492e-08 2.479380637980956154e-08 2.427439168838629847e-08 2.481976025887304441e-08 2.684559896567378686e-08 2.387189666274296012e-08 2.206324270563984319e-08 2.321826402654999756e-08 2.287777649282527824e-08
2.235771875426638214e-08 2.294538201127208020e-08 2.375052104475006572e-08 2.297468692796676810e-08 2.516648905725346379e-08 2.684559896567378686e-08 2.317244032653487246e-08 2.363966292859183735e-08 2.340601118351228022e-08 2.452316509587733048e-08
2.387593919942984955e-08 2.397006356426417229e-08 2.295634827122380998e-08 2.469085404031560084e-08 2.284553612340130440e-08 2.684559896567378686e-08 2.333273283503795337e-08 2.470727073439715707e-08 2.275740496173998495e-08 2.438437676173381374e-08
2.349502658046560523e-08 2.507144838060047452e-08 2.441787938210500155e-08 2.438565863722149420e-08 2.377827318919207860e-08 2.684559896567378686e-08 2.279727847858274879e-08 2.411811524133242681e-08 2.352405846701068046e-08 2.377386016628307940e-08
2.473377905010255538e-08 2.185260635338333079e-08 2.376558613613672305e-08 2.422941873333643506e-08 2.283455936903616550e-08 2.684559896567378686e-08 2.334582954753986278e-08 2.379468738543296421e-08 2.424491633280751619e-08 2.391187955119315820e-08
2.385725510305430824e-08 2.411373362072354235e-08 2.399308880107229113e-08 2.429027547195467750e-08 2.464123598205050616e-08 2.684559896567378686e-08 2.322871445261314450e-08 2.428925543776158773e-08 2.316143767190308364e-08 2.319728846471542001e-08
2.444665387880749141e-08 2.254335390733001542e-08 2.375860073974297246e-08 2.163677015446896814e-08 2.333970755890696616e-08 2.684559896567378686e-08 2.353786708366716104e-08 2.431554058073960232e-08 2.426452790602347226e-08 2.432791054666431971e-08
2.345970805602447225e-08 2.344729125965676702e-08 2.277816178196668097e-08 2.393656556372392644e-08 2.400686323038481939e-08 2.684559896567378686e-08 2.360672431064888566e-08 2.268833449526989025e-08 2.314590929121506410e-08 2.329012343254961176e-08
2.260561321393082648e-08 2.435727728444955543e-08 2.276231559005857311e-08 2.387490172606667511e-08 2.390908809466146485e-08 2.684559896567378686e-08 2.359048384352618445e-08 2.391239348369862661e-08 2.450016371904873726e-08 2.296570844915658598e-08
2.406491892446875993e-08 2.433405271977581055e-08 2.317174485301047043e-08 2.339446848610155553e-08 2.408066593679858546e-08 2.684559896567378686e-08 2.370645220067504146e-08 2.359609831970375476e-08 2.392011458729187065e-08 2.438597147431962860e-08
2.401711134148444114e-08 2.446912910641070143e-08 2.444111278533669155e-08 2.434982090286452032e-08 2.377073581225955458e-08 2.684559896567378686e-08 2.382245611100178799e-08 2.425822689800258292e-08 2.474831536672781025e-08 2.522569764827085579e-08
2.315560595399682255e-08 2.451921532246878989e-08 2.481780808643078794e-08 2.421529940285066119e-08 2.284498519778834304e-08 2.684559896567378686e-08 2.319399428789339674e-08 2.265957086231158627e-08 2.464121319128886888e-08 2.316824379743997298e-08
2.313861461093317951e-08 2.421413359094223055e-08 2.227562278275330006e-08 2.264365143895360812e-08 2.455615963277381196e-08 2.684559896567378686e-08 2.468492806446149285e-08 2.515889809996047675e-08 2.422650087644986409e-08 2.246731904142456423e-08
2.482396859122279419e-08 2.279838890272990443e-08 2.360349236908515142e-08 2.331354764770112785e-08 2.518067524042221681e-08 2.684559896567378686e-08 2.177604588989702013e-08 2.501721191955546752e-08 2.451288701428509443e-08 2.280714582624844311e-08
2.338668023171361189e-08 2.399389621702687729e-08 2.439304586205186702e-08 2.350126636317009956e-08 2.405302850480827967e-08 2.684559896567378686e-08 2.468207154744870474e-08 2.349247777283197041e-08 2.462240429352044467e-08 2.313220819401849665e-08
2.428479497261036867e-08 2.436091382431392645e-08 2.291199826275239591e-08 2.400298590024330400e-08 2.326115595899218603e-08 2.684559896567378686e-08 2.324295132732226973e-08 2.201226669101060095e-08 2.365294725616035218e-08 2.244046282113378609e-08
2.350552516179870129e-08 2.160685501989105961e-08 2.358937511752967685e-08 2.423847562209815103e-08 2.438011469015958061e-08 2.684559896567378686e-08 2.480922486081091349e-08 2.451062681669883143e-08 2.370887189956704170e-08 2.357213081888445356e-08
2.198397169069834683e-08 2.378515981499890098e-08 2.426597471636795606e-08 2.414526828556247559e-08 2.387447858936318154e-08 2.684559896567378686e-08 2.357320442543087817e-08 2.359335225122716432e-08 2.380908730909315149e-08 2.284496600348589742e-08
2.408193173090398376e-08 2.458203649726076633e-08 2.405393220488489170e-08 2.386295013066216816e-08 2.436453871691069217e-08 2.684559896567378686e-08 2.431352190578650558e-08 2.384810336994890495e-08 2.276895092093404822e-08 2.265443600227562242e-08
2.533894371246148887e-08 2.417476508771003433e-08 2.396355789004065120e-08 2.364482578417590091e-08 2.391371857358654600e-08 2.684559896567378686e-08 2.423537933076795740e-08 2.422427938020361128e-08 2.292798856500886868e-08 2.370052053718740920e-08
2.375916953111132887e-08 2.226595473719149894e-08 2.208408756374742583e-08 2.316582992658381554e-08 2.223549718577355880e-08 2.684559896567378686e-08 2.350347483161751438e-08 2.386310303098535501e-08 2.271475132091793230e-08 2.465462964684251592e-08
2.190026423067868209e-08 2.278388458649050643e-08 2.368773016837020498e-08 2.514752119841041115e-08 2.307185250148781737e-08 2.684559896567378686e-08 2.366582851680556204e-08 2.402098372605306612e-08 2.367703875374298480e-08 2.347219064605131974e-08
2.293387514378891038e-08 2.479951883479746924e-08 2.306188726533821449e-08 2.297378686398019955e-08 2.313860057269108339e-08 2.684559896567378686e-08 2.537020531595091001e-08 2.389471623776587261e-08 2.382886464456717885e-08 2.476897090134027145e-08
2.360740549207451731e-08 2.360420079047190037e-08 2.408828397201013531e-08 2.246411772692406188e-08 2.432725329074359391e-08 2.684559896567378686e-08 2.373209371920946857e-08 2.338261642106281276e-08 2.379428978781307946e-08 2.230478226692473518e-08
2.419299000541889371e-08 2.274430476337626696e-08 2.390908870551092146e-08 2.449796727048195055e-08 2.320259233272012187e-08 2.684559896567378686e-08 2.236198431472501129e-08 2.283476719375663354e-08 2.375992204914922304e-08 2.298539487138812586e-08
2.329941648251962338e-08 2.303269364890819865e-08 2.337396361124310146e-08 2.308397297999650112e-08 2.403480812662912092e-08 2.684559896567378686e-08 2.345345414697299209e-08 2.325576119136722870e-08 2.298197868310285249e-08 2.349709809684639880e-08
2.273746380410575662e-08 2.269449752055800185e-08 2.182827174158652935e-08 2.332529340532578878e-08 2.474372101380430785e-08 2.684559896567378686e-08 2.419584941059443205e-08 2.340242201204780843e-08 2.351391039582778624e-08 2.471806127542166291e-08
2.307629524438878056e-08 2.304055520581685134e-08 2.298251893327724631e-08 2.223016359889893368e-08 2.320243039470301639e-08 2.684559896567378686e-08 2.347472263495163437e-08 2.414213426333799555e-08 2.372480722628282730e-08 2.350360825579977514e-08
2.389450563711006632e-08 2.311996920758209765e-08 2.329031233775562084e-08 2.428478911370593212e-08 2.330793294517316319e-08 2.684559896567378686e-08 2.405444228342269692e-08 2.320308581849453454e-08 2.322458839704794360e-08 2.364905928107079514e-08
2.399360572439179076e-08 2.374389595813827583e-08 2.262528838481692620e-08 2.420628400708643947e-08 2.334218400417029782e-08 2.684559896567378686e-08 2.386784699446985084e-08 2.290377058768963424e-08 2.486851317309963604e-08 2.294232497494829146e-08
2.276480073261019278e-08 2.350019075044775196e-08 2.367680428672203693e-08 2.315383200108585930e-08 2.256447970426396896e-08 2.684559896567378686e-08 2.433404088678594806e-08 2.468358384057320000e-08 2.345498826190263368e-08 2.462406628702008263e-08
2.354803654354047155e-08 2.409340197386708657e-08 2.475152435977764407e-08 2.342375501185400093e-08 2.394217415500085474e-08 2.684559896567378686e-08 2.354978221457047134e-08 2.369379904122520511e-08 2.383611453710852096e-08 2.385063098679699417e-08
2.273914224958731547e-08 2.398369782825716257e-08 2.361768357945628311e-08 2.312120983700746810e-08 2.356166726709679107e-08 2.684559896567378686e-08 2.337893933840542271e-08 2.444889182782215175e-08 2.340827188948410504e-08 2.459909483779212647e-08
2.416084028173982996e-08 2.366731786632617857e-08 2.334874078341059794e-08 2.410428801836711649e-08 2.479725704762257738e-08 2.684559896567378686e-08 2.450257994078888600e-08 2.461887496120944142e-08 2.320958721075001755e-08 2.232581345540449219e-08
2.438462466523668667e-08 2.423657286213605735e-08 2.461520394501594602e-08 2.256643923884547963e-08 2.418517275409832506e-08 2.684559896567378686e-08 2.384073460552585730e-08 2.304082313068957781e-08 2.434700558631419224e-08 2.347434748331622255e-08
2.341158697430143943e-08 2.304657481673428528e-08 2.395959985971912385e-08 2.439988190994305559e-08 2.464787417115573858e-08 2.684559896567378686e-08 2.294121497147202543e-08 2.359613152911942660e-08 2.394568719611854534e-08 2.444657446985886742e-08
2.391505422712016539e-08 2.267257675465478073e-08 2.386739575389097571e-08 2.447868296642683193e-08 2.236828185425145708e-08 2.684559896567378686e-08 2.323105024363882724e-08 2.502203578795364515e-08 2.446931561084918540e-08 2.476892777187883880e-08
2.493669091891700118e-08 2.415527648645639055e-08 2.406934775296301009e-08 2.213846679656366610e-08 2.399332991387397231e-08 2.684559896567378686e-08 2.415831022375166737e-08 2.362949856869825757e-08 2.559531709314521256e-08 2.416520574182440514e-08
2.290227017964641268e-08 2.240274882979122557e-08 2.315188706668637272e-08 2.482740925349944399e-08 2.304592925868105024e-08 2.684559896567378686e-08 2.395054784580128034e-08 2.368812663690263552e-08 2.279466150897736101e-08 2.275461910304743292e-08
2.292997219099034406e-08 2.318818381730646925e-08 2.323156539114638442e-08 2.412301399090291066e-08 2.392468500646375441e-08 2.684559896567378686e-08 2.208981988346818510e-08 2.376379410340976334e-08 2.227340520898556418e-08 2.288537012831126229e-08
2.136397266114515097e-08 2.506391650274597178e-08 2.398452843021596934e-08 2.391487717674643094e-08 2.514558868577591987e-08 2.684559896567378686e-08 2.456872796256269137e-08 2.440910574382783323e-08 2.406717509409412989e-08 2.244109402332361048e-08
2.285509898542490916e-08 2.442381902493036280e-08 2.301745795598746395e-08 2.536247191696753465e-08 2.396272421208783745e-08 2.684559896567378686e-08 2.355387980984562155e-08 2.375611108235663966e-08 2.352840033923102665e-08 2.395833991081193487e-08
2.358605700553711249e-08 2.376521882510205133e-08 2.427961660769789158e-08 2.305511661004723128e-08 2.351943035904938343e-08 2.684559896567378686e-08 2.460223309457207794e-08 2.205247454463808566e-08 2.338050876486542239e-08 2.338342852096826516e-08
2.387311029682556389e-08 2.316504715111684962e-08 2.226841330626095554e-08 2.271634742020158156e-08 2.311815382540549760e-08 2.684559896567378686e-08 2.357150655648228519e-08 2.261188733000072881e-08 2.468460905990087975e-08 2.398748395188709634e-08
2.304301289295462719e-08 2.308280665746586854e-08 2.245839721110086562e-08 2.266267969150568360e-08 2.456916095933775807e-08 2.684559896567378686e-08 2.235168572332979998e-08 2.234759474674900982e-08 2.208043202863742154e-08 2.332873569452039177e-08
2.351944677760332112e-08 2.360267893088861967e-08 2.458612177700889376e-08 2.348436974536850156e-08 2.382612883563342781e-08 2.684559896567378686e-08 2.405365126474050777e-08 2.168062680454793913e-08 2.371654664086773591e-08 2.415748768817968249e-08
2.325094391427931239e-08 2.353371129448895197e-08 2.265248689942408507e-08 2.420457623753981325e-08 2.324336353267568244e-08 2.684559896567378686e-08 2.447216021031681214e-08 2.388839875550176928e-08 2.327506896241330716e-08 2.283868251418894000e-08
2.302816975851260153e-08 2.351244652327037479e-08 2.441851146104957037e-08 2.363440527614738369e-08 2.320163092408041352e-08 2.684559896567378686e-08 2.497892897518753506e-08 2.274265825728774738e-08 2.357330541446414980e-08 2.462834270150136487e-08
2.394619846063596050e-08 2.472755765514264167e-08 2.329882347542319415e-08 2.362129815732533793e-08 2.384897557729171125e-08 2.684559896567378686e-08 2.432564005912118246e-08 2.386181835694958077e-08 2.428011777709686524e-08 2.382982522825482164e-08
2.238824813599841358e-08 2.301509717680423352e-08 2.400556960270983886e-08 2.284945930621173679e-08 2.318417036740924838e-08 2.684559896567378686e-08 2.349046958802629400e-08 2.329649664945214433e-08 2.378346196307026048e-08 2.247775496512227937e-08
2.406766068614885425e-08 2.407773846660659952e-08 2.386272683859327178e-08 2.244997356008488994e-08 2.266293273131736494e-08 2.684559896567378686e-08 2.439016756194089973e-08 2.286771434093075616e-08 2.414596447744052506e-08 2.465238353498572260e-08
2.355645526854127295e-08 2.250051525752513594e-08 2.460212177562866510e-08 2.388162878008435538e-08 2.461212480299714241e-08 2.684559896567378686e-08 2.312360430231541789e-08 2.273268828280291908e-08 2.369836373461924570e-08 2.373694129778817749e-08
2.324552672651770463e-08 2.341625441216473422e-08 2.361850919331284725e-08 2.403352920567677923e-08 2.425529944439512158e-08 2.684559896567378686e-08 2.379958463876657178e-08 2.388993885671017387e-08 2.407181306470954063e-08 2.498913989961484441e-08
2.247800864929051209e-08 2.351790834115882457e-08 2.180397705253151482e-08 2.329501710266165046e-08 2.446375226619063889e-08 2.684559896567378686e-08 2.301174108870148017e-08 2.339308685869499023e-08 2.396728719868409234e-08 2.343095572690835799e-08
2.411902008916880829e-08 2.335191247970757857e-08 2.360960664001354657e-08 2.279444443252102421e-08 2.271853764015567274e-08 2.684559896567378686e-08 2.428307427418929341e-08 2.307300533408377952e-08 2.237382236703573292e-08 2.315385627070834230e-08
2.455574983809579117e-08 2.297724222048918005e-08 2.231506824642258387e-08 2.292234779021183292e-08 2.165867163843515904e-08 2.684559896567378686e-08 2.412111364399408846e-08 2.352456507896309888e-08 2.265541811612923709e-08 2.341303595818486943e-08
2.300176167980286159e-08 2.356607464667512324e-08 2.349120791614435548e-08 2.337763351651978938e-08 2.393017331072169725e-08 2.684559896567378686e-08 2.296701597475746353e-08 2.493690405941965513e-08 2.228236539790045475e-08 2.497078588419063823e-08
2.364155126261580559e-08 2.357250990675000191e-08 2.353645566091604805e-08 2.462786013229519309e-08 2.340151864961527462e-08 2.684559896567378686e-08 2.475322688047537232e-08 2.486596561633538912e-08 2.335463900819177847e-08 2.348452140542177302e-08
2.202254559810013701e-08 2.437189683463274033e-08 2.302058053488595696e-08 2.423866247041471358e-08 2.357527567390376975e-08 2.684559896567378686e-08 2.358622639385890156e-08 2.379741913882417620e-08 2.228558164186671188e-08 2.352416046694907479e-08
2.347307055985842752e-08 2.254947315873925919e-08 2.387481787650659514e-08 2.387141111013421270e-08 2.404965368496657213e-08 2.684559896567378686e-08 2.327240985156409000e-08 2.280461901472253016e-08 2.194495417744134301e-08 2.210605319955984393e-08
2.469205361004974571e-08 2.421546355444130160e-08 2.306185583750356694e-08 2.412559705888661163e-08 2.307472781827959213e-08 2.684559896567378686e-08 2.255922629826889764e-08 2.413694606581817140e-08 2.288821585138764149e-08 2.271462226407028740e-08
2.270690542228144559e-08 2.331153546815481008e-08 2.418987191106269771e-08 2.413302591288997708e-08 2.189203102727608057e-08 2.684559896567378686e-08 2.422113628899727138e-08 2.323576161435401606e-08 2.425968076884463697e-08 2.525891009977778044e-08
2.286901542962237613e-08 2.233172533942478904e-08 2.441196866055274468e-08 2.377787294322085248e-08 2.470363700771558422e-08 2.684559896567378686e-08 2.302981403223468454e-08 2.390581310875720971e-08 2.437794210603805920e-08 2.325907168526609486e-08
2.270153200448005993e-08 2.327796825128557337e-08 2.438722885040630078e-08 2.401028120967075208e-08 2.305054008615431976e-08 2.684559896567378686e-08 2.293748814732852239e-08 2.267960207088855871e-08 2.232600481528273000e-08 2.507905630831164862e-08
2.298677346281952011e-08 2.292824543104926063e-08 2.373967709059602925e-08 2.431902381499788488e-08 2.182367514838915071e-08 2.684559896567378686e-08 2.405167396880873753e-08 2.330272072626745015e-08 2.296514209020203056e-08 2.455223879310367656e-08
2.418349020358391186e-08 2.375379056356708625e-08 2.449920833935963758e-08 2.221062347717914595e-08 2.464025070228529137e-08 2.684559896567378686e-08 2.164041781993617580e-08 2.189875960473286530e-08 2.380309884195038521e-08 2.480994933471555653e-08
2.398930512329336991e-08 2.357530331202046300e-08 2.223001456782913865e-08 2.344716796283892296e-08 2.372222384585189932e-08 2.684559896567378686e-08 2.423874814993085546e-08 2.290093294197002710e-08 2.281799912063426948e-08 2.481690335689141831e-08
2.383762021107278143e-08 2.336346807129265464e-08 2.287342321277569370e-08 2.404543149525462512e-08 2.299307645682143909e-08 2.684559896567378686e-08 2.352303200820360199e-08 2.320959009806653223e-08 2.390486822472986374e-08 2.355559349535481218e-08
2.346463250812198286e-08 2.345169214799775718e-08 2.340187563490425585e-08 2.335521310474435706e-08 2.351989782437727274e-08 2.684559896567378686e-08 2.229231679196415916e-08 2.330561181018707240e-08 2.354828478092698354e-08 2.271653672933988829e-08
2.374121282922594439e-08 2.308696434515007919e-08 2.290899796560738810e-08 2.312344729368525024e-08 2.333785754801565362e-08 2.684559896567378686e-08 2.267637900291034473e-08 2.271567200194584418e-08 2.297096035624883415e-08 2.421762261864979376e-08
2.282451062696698173e-08 2.337113083225672852e-08 2.215900729258849226e-08 2.362117501153591021e-08 2.317940567272084791e-08 2.684559896567378686e-08 2.359910591764188718e-08 2.531234222948892449e-08 2.368279517037205998e-08 2.320247615923214659e-08
2.314767280219765161e-08 2.519270423306227773e-08 2.300967267257671819e-08 2.364100375009838497e-08 2.257157304115864258e-08 2.684559896567378686e-08 2.449432634137060184e-08 2.353201023605770800e-08 2.414736015359187887e-08 2.497777054602262366e-08
2.484035962984697431e-08 2.361336481823344454e-08 2.233594640924770893e-08 2.359800951497442614e-08 2.513574913851332284e-08 2.684559896567378686e-08 2.351665596766925296e-08 2.361330037371663470e-08 2.225582864373806745e-08 2.425270351285330341e-08
2.384856042516045808e-08 2.336639587199699255e-08 2.391310497834963687e-08 2.342997676834931814e-08 2.296356201066284683e-08 2.684559896567378686e-08 2.415952025256706177e-08 2.500816119031735439e-08 2.345941236018870794e-08 2.439310050950312673e-08
2.472555915731825228e-08 2.392908031144207130e-08 2.376318402828817226e-08 2.381391936669277339e-08 2.325218779580989907e-08 2.684559896567378686e-08 2.308828948314790826e-08 2.353828414254558645e-08 2.406828308178799764e-08 2.354762719810847660e-08
2.386974895890555870e-08 2.309803429022994028e-08 2.346572876921493435e-08 2.423549886603473338e-08 2.510260439930079033e-08 2.684559896567378686e-08 2.234293213022332354e-08 2.370492102386300673e-08 2.279177861723611010e-08 2.414862209642259641e-08
2.416660597086357614e-08 2.274112978558094156e-08 2.293221009217533358e-08 2.489272527042274445e-08 2.258140335303055240e-08 2.684559896567378686e-08 2.404193461618140986e-08 2.420525937187258750e-08 2.468629072310094281e-08 2.516118944455798317e-08
2.507628857274778863e-08 2.462015686174823048e-08 2.335144640120774505e-08 2.500966439580258697e-08 2.400215222427803652e-08 2.684559896567378686e-08 2.340992667196845110e-08 2.259800576747460000e-08 2.331526022186277490e-08 2.291081447524283623e-08
2.274299993821563399e-08 2.313975484348378168e-08 2.342372939099848982e-08 2.376590200283454718e-08 2.389024459275905884e-08 2.684559896567378686e-08 2.326412061162351000e-08 2.308259483686424252e-08 2.440700390681678652e-08 2.201532659266856305e-08
2.296259503018637339e-08 2.319707443856632636e-08 2.128804156609276006e-08 2.393543234846937533e-08 2.417725788491233137e-08 2.684559896567378686e-08 2.366849793811129006e-08 2.339854425792273037e-08 2.248810759142591278e-08 2.494820242301410798e-08
2.303753078265573669e-08 2.300508774802282050e-08 2.442938457774968202e-08 2.411906046055809300e-08 2.438901287287652605e-08 2.684559896567378686e-08 2.330077386430256114e-08 2.374287076982726840e-08 2.310530284549240054e-08 2.301867259868122666e-08
2.147017433499578560e-08 2.428159426161931261e-08 2.341640662269803448e-08 2.445236282774434849e-08 2.363320372646531714e-08 2.684559896567378686e-08 2.225530475837803610e-08 2.297919750609679286e-08 2.382216013072429002e-08 2.425169174471856219e-08
2.288234603011891381e-08 2.340514559475838830e-08 2.456866256651785779e-08 2.461185954650389105e-08 2.299306272822042924e-08 2.684559896567378686e-08 2.407020762767367131e-08 2.270442357093528406e-08 2.237250297212348557e-08 2.377941820072446630e-08
2.310778430891652716e-08 2.369945590238007066e-08 2.263577518115023746e-08 2.388268031214207024e-08 2.453277526487971930e-08 2.684559896567378686e-08 2.301978361144943121e-08 2.367829419566546422e-08 2.380406361453268956e-08 2.455473170832231313e-08
2.397333669263652963e-08 2.449380492338481928e-08 2.353914717501348476e-08 2.292733206493608754e-08 2.390752024934566193e-08 2.684559896567378686e-08 2.245457319519353586e-08 2.505382286546999914e-08 2.401142363923387966e-08 2.354039306937357058e-08
2.450542873939028062e-08 2.455837814865495921e-08 2.495045713183623645e-08 2.412315467550212802e-08 2.386217345531146773e-08 2.684559896567378686e-08 2.452261330854867152e-08 2.315561358782332395e-08 2.358073164796265003e-08 2.320313473851525744e-08
2.438821277494860494e-08 2.412762027671737290e-08 2.353559957902496072e-08 2.560193746373142379e-08 2.392805099068577819e-08 2.684559896567378686e-08 2.385088962728071853e-08 2.377108133250516995e-08 2.326359706191418395e-08 2.459925871623778590e-08
2.311846402062233195e-08 2.429423735181406440e-08 2.288690302401457908e-08 2.335950684805801603e-08 2.347313708203111934e-08 2.684559896567378686e-08 2.425852233733285866e-08 2.378392681816964047e-08 2.436362848977823934e-08 2.424814822412697654e-08
2.322415558223256742e-08 2.367564864984479218e-08 2.364119409948010415e-08 2.162589365623625483e-08 2.282001076781161179e-08 2.684559896567378686e-08 2.305535781820791475e-08 2.390496102073748293e-08 2.278272714873486478e-08 2.301710465816320196e-08
2.396005025735233312e-08 2.264048450460685354e-08 2.358562711826493423e-08 2.247611822918714089e-08 2.445720634271227476e-08 2.684559896567378686e-08 2.370130562701704866e-08 2.333063906610076343e-08 2.337430735103196995e-08 2.261754234842420767e-08
2.265980639702582603e-08 2.286068469793301704e-08 2.385860332625832216e-08 2.298008313415599114e-08 2.427235294979307224e-08 2.684559896567378686e-08 2.384860624675782429e-08 2.336770561682020159e-08 2.238606724985857049e-08 2.350253593049847150e-08
2.398300897402117192e-08 2.259683157573090104e-08 2.395220830915962923e-08 2.198991654962575974e-08 2.278098428992129121e-08 2.684559896567378686e-08 2.379066489916565118e-08 2.394547244951688308e-08 2.486976197208415045e-08 2.397432463922666924e-08
2.315618057462426307e-08 2.441647597240745631e-08 2.401716670448702250e-08 2.258673582971531953e-08 2.227755374496920189e-08 2.684559896567378686e-08 2.407755610123724520e-08 2.412752470310303415e-08 2.357222570615066529e-08 2.255953929399445557e-08
2.517946280678166867e-08 2.249688654318300500e-08 2.317891098158767099e-08 2.365428664259580788e-08 2.346443634046529108e-08 2.684559896567378686e-08 2.308647993582323837e-08 2.407410719282214235e-08 2.521950800039392873e-08 2.481065059212264066e-08
2.231452381852154871e-08 2.281293096407958764e-08 2.410304432380539451e-08 2.477770520101840550e-08 2.516944834634109401e-08 2.684559896567378686e-08 2.338047067469476273e-08 2.405904970874843242e-08 2.448951795901029374e-08 2.350094092289155756e-08
2.349350123536476536e-08 2.259442276876480258e-08 2.406246538580536244e-08 2.368835799900336157e-08 2.159617184978827449e-08 2.684559896567378686e-08 2.312006171459446309e-08 2.382162464131015346e-08 2.290054379651193277e-08 2.353858730486968739e-08
2.255096876680989860e-08 2.199305308351709538e-08 2.327182510485488220e-08 2.555890735921370033e-08 2.445018508890018745e-08 2.684559896567378686e-08 2.375847779019495522e-08 2.297478572681206870e-08 2.262611951918927693e-08 2.406695169653604804e-08
2.341043706408125476e-08 2.416042739670897909e-08 2.264466105316994861e-08 2.294944191186111102e-08 2.364887583466062690e-08 2.684559896567378686e-08 2.340119703939375421e-08 2.313707901286734966e-08 2.293994287655121198e-08 2.411996672590054490e-08
2.229850500579185684e-08 2.405973921667984687e-08 2.352819629703199856e-08 2.314516401183676841e-08 2.425298850833247833e-08 2.684559896567378686e-08 2.392806552331767913e-08 2.267746585575781791e-08 2.385708872826380859e-08 2.396678357659016925e-08
2.462613328623610116e-08 2.456089177676478374e-08 2.358422800825365895e-08 2.458327673732043679e-08 2.398251331785877230e-08 2.684559896567378686e-08 2.367718573732820481e-08 2.329179390229640876e-08 2.484302558740554427e-08 2.447378254252519958e-08
2.535727461176036578e-08 2.485227225363184705e-08 2.286995709052086110e-08 2.359743282205200495e-08 2.411314294971659204e-08 2.684559896567378686e-08 2.260882598968305428e-08 2.395161830629995388e-08 2.267589203558765188e-08 2.489763461867733953e-08
2.308031486749514539e-08 2.446849812023523603e-08 2.453103861254578432e-08 2.543438136449116831e-08 2.393946908337951534e-08 2.684559896567378686e-08 2.466407874501592528e-08 2.395847209763935736e-08 2.430375855231021494e-08 2.377583630762127792e-08
2.414166941645402120e-08 2.333728525704773919e-08 2.251497202747778301e-08 2.357974741079410374e-08 2.365774573975608942e-08 2.684559896567378686e-08 2.414182023820831719e-08 2.413465875966227387e-08 2.424051134980117297e-08 2.390601562282254586e-08
2.291966250427929255e-08 2.262465739998342239e-08 2.481543323321352172e-08 2.437332077351458234e-08 2.215426455454053187e-08 2.684559896567378686e-08 2.203415569668777259e-08 2.461541939185454446e-08 2.385146551986329728e-08 2.401014141784270603e-08
2.442368904325513141e-08 2.289586995414589152e-08 2.341752403011527255e-08 2.301977734713230179e-08 2.282424968391635141e-08 2.684559896567378686e-08 2.443504882268433884e-08 2.380733233043906971e-08 2.472633992759110896e-08 2.369457107083967187e-08
2.501654230340618712e-08 2.288906908366931185e-08 2.273770143727397829e-08 2.417320916284236329e-08 2.352293941429233977e-08 2.684559896567378686e-08 2.373658531603971158e-08 2.370744391023356357e-08 2.363833524058115721e-08 2.419523083078494268e-08
2.354640984339856634e-08 2.184620238763090116e-08 2.445232776275062578e-08 2.492847426314921349e-08 2.418374377975276374e-08 2.684559896567378686e-08 2.412409224095185372e-08 2.371214737272885263e-08 2.421457047770915589e-08 2.391649107633657945e-08
2.422890909467796022e-08 2.334628556010678086e-08 2.512123099721490399e-08 2.347277983012672236e-08 2.338383937770123024e-08 2.684559896567378686e-08 2.499878716966902009e-08 2.310405619758568909e-08 2.266141888689145021e-08 2.255644309086585237e-08
2.502804357997606984e-08 2.337841163820401634e-08 2.285385684037921340e-08 2.324759569214650171e-08 2.316393473429294168e-08 2.684559896567378686e-08 2.400565375659281940e-08 2.328526512776306642e-08 2.363976917356055259e-08 2.348664026281547857e-08
2.339297510879587808e-08 2.423097779443732611e-08 2.357413168167481656e-08 2.202559970687074542e-08 2.351644995433101241e-08 2.684559896567378686e-08 2.364625516872353084e-08 2.401962470058584951e-08 2.371884431663991973e-08 2.256706257268862330e-08
2.357992347264766879e-08 2.379942594500587672e-08 2.365125928593021639e-08 2.368393749421430220e-08 2.335050643277236310e-08 2.684559896567378686e-08 2.395836172453199952e-08 2.270928997297970674e-08 2.481808403615356112e-08 2.514315419559325326e-08
2.300524245179944066e-08 2.358972108517474983e-08 2.374395289121286095e-08 2.271353725306772470e-08 2.289077937322033418e-08 2.684559896567378686e-08 2.349408517972716556e-08 2.370541174359372198e-08 2.449203612749821836e-08 2.388685913278290195e-08
2.357327084295871093e-08 2.430652731262037111e-08 2.378100352997400697e-08 2.467706409934923928e-08 2.274154137824072495e-08 2.684559896567378686e-08 2.321120932973712059e-08 2.282333430930606741e-08 2.361733737369506162e-08 2.399127668193205940e-08
2.366010601010328539e-08 2.306927798594534998e-08 2.392747385057671640e-08 2.406943079895998285e-08 2.345315940368182673e-08 2.684559896567378686e-08 2.397020435124892397e-08 2.510682250262647952e-08 2.331986928810581717e-08 2.257263122014917468e-08
2.242107032084601053e-08 2.211807406838506970e-08 2.289403865225710422e-08 2.382232743922619668e-08 2.320914662036200698e-08 2.684559896567378686e-08 2.287478650079061373e-08 2.361870118859614924e-08 2.408502105192288179e-08 2.455168069704328877e-08
