1.148506331660743777e-08 1.109295267871199767e-08 8.260092080688238177e-09 1.059533100871642187e-08 1.188348082962922474e-08 4.877159174936742398e-22 1.420193218853032714e-08 9.759227991714836354e-09 9.284822259349259011e-09 1.363251594458145324e-08
1.003747744044183701e-08 7.095458434414284139e-09 1.246652572398504757e-08 1.128516057684675446e-08 1.197518679011392909e-08 4.877159174936742398e-22 1.181950967844867785e-08 1.089043272065297691e-08 1.106859351643199003e-08 1.122838431514536742e-08
1.255196645130415336e-08 1.117011365867230954e-08 1.173588399857824139e-08 1.039730243520835465e-08 1.170281539015060628e-08 4.877159174936742398e-22 1.315980843546335063e-08 1.265579732772470114e-08 9.772074016182147742e-09 7.291957583582995780e-09
1.382703212746362782e-08 1.384338647981872475e-08 1.088909330217943138e-08 1.333703754536394232e-08 1.153283905050458903e-08 4.877159174936742398e-22 1.564878347097167682e-08 8.774568432387240003e-09 1.278362796260456349e-08 1.234265808869088786e-08
1.070989353510582023e-08 1.258926786534847816e-08 9.009767286540589773e-09 9.769034400652977078e-09 8.318782160617734136e-09 4.877159174936742398e-22 1.272930301582863704e-08 1.120708264916924075e-08 1.018516302769586531e-08 7.187860592960892149e-09
9.238213359246958516e-09 1.003670721460985103e-08 1.380567658283555477e-08 8.356543456820738636e-09 1.140115329213076105e-08 4.877159174936742398e-22 9.807827449437348074e-09 1.061631113337022993e-08 1.062208525203367049e-08 9.068538934377267526e-09
9.633092320683269663e-09 1.449148963695092998e-08 9.633819254517686517e-09 9.959953797886094959e-09 1.022630006212974233e-08 4.877159174936742398e-22 9.037211746646430092e-09 1.250688319268531952e-08 1.259511096132064936e-08 7.777342485090320010e-09
1.329251037976576900e-08 8.736999548846211860e-09 1.151229581403555012e-08 1.083389488270312980e-08 1.138478205130422382e-08 4.877159174936742398e-22 1.128077121866997771e-08 9.804311487754275618e-09 1.183822166283342948e-08 1.186080445859412615e-08
1.210648544766083686e-08 1.055644938934933130e-08 1.006783474626556474e-08 1.015353130656169354e-08 1.081606316584981466e-08 4.877159174936742398e-22 1.194406225298317570e-08 1.118763593567449200e-08 1.040379554249551166e-08 1.110523033488372825e-08
1.081004532485587419e-08 1.066374307095116346e-08 1.056840590568250358e-08 1.015603637207130386e-08 1.079279196768718129e-08 4.877159174936742398e-22 1.098500002803675789e-08 1.097275122618798579e-08 1.159163244133411673e-08 1.075420252940862484e-08
1.063285107787008354e-08 1.210989660086703818e-08 1.058702816605935324e-08 1.092639133404411236e-08 1.045849494708802136e-08 4.877159174936742398e-22 1.191305886460808433e-08 1.168222698926878529e-08 9.541333980330293343e-09 1.079083639151680583e-08
8.459342012177873422e-09 1.119216721681336471e-08 1.216467778496671857e-08 1.085841577133027786e-08 1.111838423760000834e-08 4.877159174936742398e-22 1.388375068231675990e-08 1.093243640553931923e-08 1.142545068058433176e-08 1.150037201354388796e-08
5.362395247811777800e-09 1.094472905893526972e-08 1.171114273566972764e-08 1.327909293640679376e-08 9.112361346482082923e-09 4.877159174936742398e-22 1.090401451759225150e-08 1.078944713568043914e-08 9.425142838982720275e-09 9.892304865083645653e-09
9.731148230019837466e-09 1.299708734066618271e-08 1.273035296018684639e-08 1.112665702874752150e-08 7.007809716766006713e-09 4.877159174936742398e-22 9.670849392212505819e-09 1.067938310614153537e-08 1.007642099503266021e-08 1.033497630186953600e-08
1.161517467941636605e-08 1.271701906855913139e-08 9.386634995767455174e-09 1.334699351393446945e-08 1.090271740571774470e-08 4.877159174936742398e-22 1.146227715672895729e-08 9.083924601090792751e-09 8.555164072102460876e-09 1.198105217617860951e-08
1.006763739640100642e-08 1.217428900288311304e-08 1.079249801299731680e-08 1.195360524862094576e-08 1.163717176685024933e-08 4.877159174936742398e-22 1.139112062947191215e-08 1.067002048442336569e-08 8.110556787546608908e-09 1.342270698383202178e-08
1.022111484572332442e-08 8.146129328472232136e-09 1.020593724509407075e-08 1.470799687982594407e-08 1.172499081310652575e-08 4.877159174936742398e-22 8.678283328219757279e-09 1.033051377166896693e-08 1.203884325008226142e-08 9.164604841419515162e-09
1.216723194099290080e-08 1.250190445176556262e-08 1.052945750475664068e-08 1.151631292082684032e-08 1.273056490676989950e-08 4.877159174936742398e-22 1.052897998834898216e-08 9.910304450813792864e-09 1.108476504971641441e-08 1.221041897891439794e-08
9.961739949808872430e-09 1.217007914498356354e-08 1.031455795696861674e-08 9.612385969580293284e-09 7.545193330786113395e-09 4.877159174936742398e-22 1.121945058281628308e-08 1.243046155785473027e-08 1.076721342751522333e-08 7.438664539112135344e-09
1.151353413280603118e-08 9.478197011693971930e-09 7.222506226873773103e-09 1.290583527245715406e-08 1.124642226216789301e-08 4.877159174936742398e-22 1.339874538633845174e-08 1.186287178978028833e-08 1.125579988921397749e-08 1.073952164000129000e-08
1.009646863803575016e-08 9.312347605812438585e-09 1.037491070239832408e-08 1.200311867151387812e-08 1.092842861511108229e-08 4.877159174936742398e-22 1.218840731933044708e-08 1.098631253033380355e-08 1.108970267339625178e-08 1.047768810962976646e-08
1.162029038466889465e-08 1.062652958376805160e-08 1.093445627318428887e-08 1.364704063100446751e-08 1.149811509678153959e-08 4.877159174936742398e-22 1.311071507667620755e-08 7.526411829886040103e-09 1.030650156907740048e-08 1.100052232041083246e-08
1.099162686050087202e-08 1.259093283097735656e-08 1.039861873042927504e-08 9.666486239088297229e-09 1.246897832204779319e-08 4.877159174936742398e-22 8.093263740744924885e-09 1.344956430298840809e-08 1.200390736753139385e-08 1.094970157166456212e-08
1.393500300044607502e-08 1.137713144401951357e-08 1.194496046475964197e-08 1.033154509146402222e-08 1.280402135673823583e-08 4.877159174936742398e-22 1.307103604515936797e-08 1.245978047930210299e-08 1.229478129357380258e-08 1.070473820316793779e-08
1.064956388742964496e-08 8.548918953641923168e-09 1.102493323178267101e-08 1.141943496353112143e-08 1.230508726165721370e-08 4.877159174936742398e-22 1.032420996056199156e-08 1.171425298608253345e-08 9.334128444929865740e-09 1.216178042592934392e-08
1.362054210438022868e-08 8.635606621901392470e-09 1.052763252023204735e-08 1.226191368736130377e-08 1.220641357984033104e-08 4.877159174936742398e-22 1.054356139475742933e-08 1.386562241578593164e-08 1.002920958159683509e-08 1.041553516042025919e-08
1.168512846126441538e-08 1.278947538932512227e-08 9.282010444463267420e-09 1.131730234053682975e-08 9.706835304465472606e-09 4.877159174936742398e-22 9.968065951929862663e-09 1.187958908111926259e-08 1.182937335298637544e-08 1.106328759093452588e-08
1.079066825112187837e-08 1.206414556673160950e-08 1.317274299397517942e-08 1.283450062381914558e-08 1.272004228233210305e-08 4.877159174936742398e-22 1.207504476693885979e-08 1.202943634970989685e-08 1.177457904132608338e-08 8.726568410439357537e-09
9.097582146685406008e-09 9.215549715979959796e-09 1.235658320447651508e-08 1.423267870216667813e-08 1.077282105165084069e-08 4.877159174936742398e-22 8.617139735275795707e-09 1.173147199375665998e-08 7.423595683433739710e-09 1.356318702051957545e-08
1.249765549780647568e-08 1.126193484824949899e-08 1.108696761576291741e-08 1.219526311917465425e-08 1.168173881104506257e-08 4.877159174936742398e-22 1.040377155086305794e-08 1.080554723315936345e-08 9.695927557744647728e-09 1.209845753858098305e-08
1.208213410568710824e-08 1.113674326280508753e-08 1.180193771614810119e-08 1.368486726819597963e-08 1.174670521403042040e-08 4.877159174936742398e-22 1.314499524825425572e-08 9.616166518614344780e-09 8.919323182118445395e-09 1.122256693002304631e-08
1.105558949851154279e-08 1.294632434492662891e-08 1.239654205684182975e-08 1.189349369749164550e-08 8.302997098811785527e-09 4.877159174936742398e-22 1.213058154791935722e-08 1.212435951705073388e-08 1.013491988904331818e-08 1.104263964426004662e-08
1.543438981671474892e-08 1.253498492256644290e-08 1.219452496772775202e-08 1.211308099608421633e-08 7.095535745767490073e-09 4.877159174936742398e-22 8.878430710987628811e-09 9.637923384549432891e-09 9.177049321623137366e-09 1.251456448402766023e-08
1.196701832731219996e-08 1.019091673283341569e-08 8.039476163317864750e-09 8.468719354303503392e-09 1.231765806940105230e-08 4.877159174936742398e-22 1.083404489585627580e-08 1.160892245290739015e-08 1.024588146444971933e-08 1.015740526778343079e-08
1.040270667949438259e-08 1.257035113753065891e-08 1.122956712656573714e-08 1.085242030101182566e-08 8.581862918961389703e-09 4.877159174936742398e-22 9.809542223799942814e-09 1.185904562249831358e-08 9.074396153634152288e-09 1.096358925963097508e-08
9.816811932560160653e-09 1.080941126927781867e-08 9.755029321990981796e-09 1.117210190779308042e-08 1.132188386968102289e-08 4.877159174936742398e-22 9.720093405763028883e-09 7.498906359732175902e-09 1.286956306363760197e-08 1.007818228696405659e-08
1.143401467975511820e-08 1.130499313310511520e-08 9.905747241813020413e-09 1.205938189691146968e-08 1.053840515690697870e-08 4.877159174936742398e-22 1.223508852717334812e-08 1.221681861049129505e-08 7.785173325821406205e-09 1.368840387501015199e-08
9.002017313009229004e-09 1.001688687488667912e-08 1.287876085531956187e-08 1.309386166911151280e-08 1.349942067162385107e-08 4.877159174936742398e-22 1.186036211341814301e-08 9.961599572568144709e-09 9.783771755775918655e-09 1.358136512168426172e-08
1.246387801938714731e-08 1.264230986107262180e-08 1.278785509296232441e-08 1.134677259927797979e-08 1.333415363351196833e-08 4.877159174936742398e-22 7.394744066172692567e-09 1.024325728626531818e-08 7.795382860051754976e-09 1.211248035616288893e-08
1.020301547974396353e-08 1.188585265964659506e-08 8.794992880220175680e-09 1.029322072591911964e-08 1.219898426027990421e-08 4.877159174936742398e-22 9.845856106345434572e-09 1.202091292198469310e-08 1.050088821014736368e-08 1.262265964217991205e-08
1.351482774002569349e-08 1.343487462721724044e-08 7.658618320312725278e-09 1.072371838466470524e-08 1.092106091845056817e-08 4.877159174936742398e-22 1.095322995841658942e-08 1.412143354182243580e-08 1.073768612746948772e-08 9.413375017550893321e-09
1.080580778474988239e-08 1.026375860335589253e-08 1.072179509600165627e-08 1.140464900703203030e-08 1.291148512849122842e-08 4.877159174936742398e-22 1.004931252960553350e-08 8.964716345512395572e-09 1.226044994342042237e-08 1.109894016103459163e-08
9.548965550103592572e-09 1.126908010417989476e-08 1.273761954145188408e-08 1.107056379182985132e-08 1.066648118406471181e-08 4.877159174936742398e-22 1.291755387854909278e-08 1.217823256027228497e-08 1.062329913033371523e-08 8.368436788459210336e-09
1.148628801106449880e-08 1.192159223694628165e-08 1.038949799024007727e-08 8.924939955192289198e-09 1.366202039173825907e-08 4.877159174936742398e-22 1.256761062734416118e-08 1.429035075222064019e-08 1.079754699096341047e-08 1.097171005699586841e-08
1.148094961976707473e-08 1.174758511763414282e-08 9.718221778951319898e-09 1.194012362198806482e-08 1.020886763602782158e-08 4.877159174936742398e-22 1.237574129857779002e-08 8.807699527205482662e-09 1.308912941687254773e-08 1.220165544304871578e-08
1.055046057052527152e-08 9.825050449621362045e-09 9.717257070759818313e-09 1.169198121423433611e-08 1.227034806358846580e-08 4.877159174936742398e-22 9.273960127884580766e-09 1.094636426764979627e-08 1.299435070849317261e-08 1.048443612500875678e-08
1.009293291027119587e-08 1.168391105365070493e-08 1.058396037304425307e-08 1.330061089730046249e-08 9.570634795838655700e-09 4.877159174936742398e-22 1.168937382710177010e-08 7.794501050690335411e-09 1.200675893967254385e-08 9.920339737388940466e-09
9.041492651288746141e-09 1.254439245288014683e-08 1.024372494311587351e-08 9.889439703258479118e-09 1.256159736111109707e-08 4.877159174936742398e-22 9.665162621395085842e-09 8.065877274923787948e-09 1.184318835679966474e-08 1.239029599244024964e-08
8.992436787420107204e-09 1.200705241601616855e-08 1.067031158276733868e-08 1.301845731361894946e-08 8.996397184981162043e-09 4.877159174936742398e-22 1.016101724703510560e-08 1.039523239551153377e-08 1.186750955489636738e-08 1.417380224400105531e-08
1.404869822866789497e-08 1.208902508316054791e-08 8.549024637948843445e-09 9.867016245141072588e-09 8.249088888186891560e-09 4.877159174936742398e-22 1.225320400828574192e-08 1.273875520558903160e-08 1.120810714018465707e-08 1.053987342359276413e-08
1.151769960161041428e-08 1.380564777304904107e-08 1.322269762518330024e-08 1.376169066773941687e-08 1.187739880284936009e-08 4.877159174936742398e-22 1.174396186192016999e-08 1.049321950105588667e-08 1.286082362425213336e-08 9.263163559853961086e-09
8.797550840653441770e-09 9.911383415462058711e-09 1.371465395064436916e-08 8.481461123338315061e-09 1.192857576831025504e-08 4.877159174936742398e-22 1.047348287115723505e-08 1.035937081335369550e-08 8.614541702543506801e-09 1.105433157428338894e-08
1.142019031828158006e-08 1.141970504312380983e-08 1.452366573686817695e-08 1.095956404385064771e-08 1.030833081682892831e-08 4.877159174936742398e-22 8.711040852760807940e-09 1.059033195625185751e-08 1.133703704517350727e-08 9.026926285383984960e-09
1.022317647684350224e-08 1.149813600036151446e-08 9.663738261680132524e-09 1.290953631019753608e-08 1.008119829564151397e-08 4.877159174936742398e-22 1.100353362796512762e-08 1.207231093049922817e-08 1.200640027607632732e-08 9.975667466145993312e-09
1.127747706550324043e-08 1.094542812221787162e-08 1.075767613050976488e-08 1.132323941958335220e-08 1.090436521659898555e-08 4.877159174936742398e-22 1.266226659421706133e-08 1.041830587647081699e-08 1.326087309915084584e-08 1.169788037409738491e-08
1.230002548200203464e-08 1.131017877576556097e-08 1.285829328737404839e-08 1.142042606329723938e-08 7.963680999739684871e-09 4.877159174936742398e-22 1.231853012169608233e-08 1.013384356913967282e-08 9.162904515445543280e-09 1.111140757097894750e-08
9.656211382794221526e-09 1.018821756423919857e-08 1.231180497014376982e-08 1.001843156268687788e-08 1.114316231080943714e-08 4.877159174936742398e-22 1.129998163885486973e-08 1.242458736228014676e-08 9.606356832088790742e-09 8.628188290702069745e-09
5.370482176736910250e-09 8.941565427202657023e-09 9.080943655671601713e-09 1.225183224268913266e-08 1.195455047154964643e-08 4.877159174936742398e-22 1.350147685302224522e-08 1.176932550926864701e-08 9.096769389901489181e-09 1.146507794547796700e-08
1.142440750513095779e-08 1.302567492982437012e-08 9.760585000808587823e-09 9.038343242500341166e-09 1.299344157385930040e-08 4.877159174936742398e-22 1.060119722276765346e-08 1.093275911230524500e-08 1.117577212919448650e-08 1.004698827655301643e-08
1.040733120987527574e-08 1.299284307002349793e-08 1.095782270820268292e-08 1.093493885753957543e-08 1.282606481907192220e-08 4.877159174936742398e-22 1.206958991289498294e-08 9.135555584976354128e-09 1.248045810519469957e-08 1.219848597384577046e-08
1.048941672017683862e-08 1.074571617232100933e-08 8.838295845120541279e-09 1.045191447299313940e-08 8.590788740598151297e-09 4.877159174936742398e-22 1.142326403892372378e-08 1.262952005820990619e-08 9.320066118461724618e-09 1.304542292358440438e-08
9.690823440106143673e-09 1.310422972968271604e-08 9.819506046059228968e-09 1.002431229451322125e-08 1.242325226850479625e-08 4.877159174936742398e-22 8.560259949201230925e-09 1.074090233801371072e-08 1.370381107445798865e-08 9.666796182037340573e-09
8.241266513069890159e-09 1.228983083871184938e-08 1.317455840160533625e-08 1.160196413865975871e-08 1.092095181196932680e-08 4.877159174936742398e-22 8.629195982337778489e-09 9.569433900271150334e-09 1.328913117389650049e-08 1.274290505387118114e-08
1.177658562486458145e-08 9.818816859386718663e-09 9.987388234726633638e-09 1.322091738897539292e-08 1.267159395904422376e-08 4.877159174936742398e-22 1.106609247917750089e-08 9.449095999685481053e-09 1.302170906386109511e-08 1.031619833045646081e-08
1.047149627604917328e-08 1.187625966916059415e-08 1.146603268705458411e-08 9.804162602663832785e-09 1.078017570706515740e-08 4.877159174936742398e-22 1.244449856841290782e-08 1.130723772524245990e-08 1.121812608509020885e-08 9.981927683407575586e-09
1.064400217007475769e-08 9.132487472061574658e-09 1.019031599490681942e-08 1.014208157044705054e-08 9.519134908277770819e-09 4.877159174936742398e-22 1.162267861931632931e-08 9.548737124079403570e-09 1.492877032238326462e-08 1.139118274265991398e-08
1.031029490866856070e-08 1.015514800028886286e-08 1.130981371425198301e-08 8.234708758573064897e-09 7.848216158205357495e-09 4.877159174936742398e-22 1.196811171001500579e-08 1.243182943281107551e-08 1.041255718082238475e-08 1.092449358469511314e-08
1.157069247450192875e-08 9.837256762238420681e-09 1.023848757488516078e-08 9.616847822830909991e-09 1.398292436440100610e-08 4.877159174936742398e-22 1.019932721623556452e-08 1.177965086873635123e-08 1.225073109054269546e-08 1.125878405675972650e-08
9.062837140476611732e-09 9.894241623730485019e-09 1.040999130439729291e-08 1.411829662549504123e-08 8.194916441753729532e-09 4.877159174936742398e-22 1.237930103158759688e-08 1.108783929947500483e-08 1.236922265384667815e-08 1.312933096822475436e-08
9.837285908385813936e-09 9.965924466341824461e-09 1.113909311982406787e-08 1.125475381001188953e-08 9.134767969092427086e-09 4.877159174936742398e-22 7.528044011383246437e-09 1.293075669333307512e-08 1.077787551941905979e-08 1.237782807072945288e-08
1.604079896975652645e-08 1.132264849447602533e-08 1.156182457284408060e-08 1.044884402442555462e-08 1.270626069129923304e-08 4.877159174936742398e-22 1.148818017552465996e-08 1.344458525448938705e-08 1.095139711081242598e-08 1.070034454141686428e-08
1.086357263121162881e-08 1.064880329634099313e-08 9.819303476615027616e-09 1.060022384533662042e-08 1.053444671606688360e-08 4.877159174936742398e-22 1.042907813012649564e-08 1.231575752115736236e-08 1.068893641046658119e-08 9.742616916268500512e-09
1.164691162852107993e-08 1.163584993865193738e-08 1.238065773736606295e-08 1.026288147884263329e-08 1.168145123861112711e-08 4.877159174936742398e-22 1.077516688547848780e-08 1.051070137640868955e-08 1.233951592626674765e-08 1.248502159293494871e-08
1.223013047307025957e-08 1.267054349367406331e-08 1.257468373414031992e-08 1.275003860147390755e-08 1.020225908081154806e-08 4.877159174936742398e-22 8.947577334307517116e-09 1.224716896538294931e-08 1.026626380355108848e-08 1.098158503854229078e-08
9.314498347987445512e-09 1.020500256990002766e-08 1.017174474550407871e-08 1.293540377262636282e-08 1.160121787853963687e-08 4.877159174936742398e-22 1.218320691965538837e-08 1.092432853879188841e-08 8.237256421436883783e-09 9.981743659357826266e-09
1.044276104540389372e-08 1.292923864456841807e-08 1.258810616110118225e-08 1.103627572048076753e-08 1.006069188842565637e-08 4.877159174936742398e-22 1.325065669000018918e-08 1.176670877181066103e-08 1.227841898187860894e-08 1.080618165264275284e-08
9.765303251300246837e-09 7.517163148254581382e-09 1.109508135133453652e-08 1.118153586284341061e-08 1.015917211365147494e-08 4.877159174936742398e-22 1.426970816173611811e-08 9.214712720835426814e-09 1.100303439141980973e-08 1.197999738445580348e-08
1.278057494694370306e-08 8.471381442304755521e-09 1.258908116306018230e-08 1.273666001289147682e-08 1.076284415431908811e-08 4.877159174936742398e-22 1.340477633533158860e-08 9.568382404992610237e-09 1.242031675507758757e-08 1.121088222193547238e-08
1.076752437079410195e-08 8.529896535438635323e-09 1.124109654275134818e-08 9.703786045199478026e-09 1.026915849563553046e-08 4.877159174936742398e-22 1.153124948243261041e-08 1.145061759266116258e-08 1.152224969427174520e-08 8.506289181049460654e-09
1.181258924270384536e-08 9.138590340068605782e-09 1.087015186781695125e-08 1.042555954872652690e-08 1.147047095094975873e-08 4.877159174936742398e-22 1.198842969871966259e-08 9.076760798882296020e-09 1.182568592843394506e-08 1.265209995393410507e-08
1.216920285717498841e-08 1.200660703397144257e-08 1.008387105625488561e-08 7.604820401186138877e-09 9.600544819219202283e-09 4.877159174936742398e-22 1.211575855867016214e-08 1.130371795520816250e-08 1.342129803163739749e-08 1.493857769563864557e-08
1.261478063005445646e-08 1.198451704475397607e-08 6.974916366805770826e-09 1.122434622986729787e-08 1.059673419587880769e-08 4.877159174936742398e-22 1.091797879309316969e-08 1.407935719843312926e-08 1.128661247022728257e-08 1.041023319743301054e-08
1.156834315532372032e-08 1.316503125282604268e-08 1.426069028582265369e-08 9.236842324363357174e-09 1.266961590847993332e-08 4.877159174936742398e-22 1.282303715451315649e-08 1.164921662909676975e-08 1.381868602453603186e-08 8.151256761946362057e-09
1.117413262443448078e-08 9.047379488021207207e-09 1.047322044107035583e-08 1.051594617591665538e-08 1.105285028127197584e-08 4.877159174936742398e-22 1.103555429367242621e-08 1.026180523841807130e-08 1.071747570379533002e-08 1.093163555009780949e-08
1.223435824807314210e-08 1.044828124521836647e-08 1.305555309519286739e-08 1.194403652890232026e-08 1.102938486054861592e-08 4.877159174936742398e-22 1.157759244140420820e-08 1.034129306675385479e-08 1.095151866911139824e-08 1.107066891134136982e-08
1.229378234756498711e-08 1.049010812140487464e-08 1.034087633928238876e-08 9.312656432370978804e-09 1.083937060801813067e-08 4.877159174936742398e-22 1.151367327764263631e-08 1.132796952466883945e-08 1.122958359063631042e-08 1.174762462462948785e-08
1.125516681692262055e-08 9.885258256242226783e-09 1.155843514415936264e-08 1.232627453890477465e-08 1.178321040350814041e-08 4.877159174936742398e-22 1.085280774224449229e-08 1.283898337837378279e-08 1.095483090140920493e-08 1.204522094665377958e-08
1.213534066928201786e-08 1.035836119612969487e-08 1.161782073332423752e-08 1.323309820768590580e-08 1.138355112955345473e-08 4.877159174936742398e-22 1.211958933972790832e-08 9.297752290346140902e-09 1.182935135130556885e-08 1.069561623428752680e-08
1.346528760344335850e-08 1.219367135214767701e-08 1.372753342795173891e-08 1.199060363347303544e-08 1.242769016859130465e-08 4.877159174936742398e-22 9.805592350446216143e-09 1.065576209655572733e-08 1.095029654200937227e-08 1.215091975581632128e-08
7.993199233377824444e-09 1.363421295519292979e-08 1.067336653361846145e-08 1.172544349687355659e-08 1.029289479727677200e-08 4.877159174936742398e-22 9.814538101614622350e-09 1.227527072908750614e-08 1.145841556018555800e-08 1.219073494622822398e-08
1.269489014460752298e-08 1.044946900776552898e-08 9.307215613033510494e-09 1.020382382058755434e-08 1.010001633001526399e-08 4.877159174936742398e-22 9.034940024826047883e-09 9.397973406942651591e-09 1.171116897610934214e-08 1.399329991868461006e-08
1.087245563435456048e-08 1.241491481386098939e-08 1.053577769324155335e-08 1.419952681432681400e-08 1.076521500553981368e-08 4.877159174936742398e-22 1.170565524112942184e-08 1.097525906985587970e-08 1.270470171077708092e-08 1.320864668269762910e-08
1.364939050291880513e-08 1.059812925174635431e-08 1.163333909423419998e-08 1.144495983181540917e-08 9.047919301371410967e-09 4.877159174936742398e-22 1.259489768880747879e-08 1.226882333692864015e-08 8.157445991621503869e-09 1.227787047290642289e-08
1.001221475656360410e-08 6.947574743287359528e-09 1.250973349919424363e-08 1.372465302094542812e-08 1.140418704803118274e-08 4.877159174936742398e-22 8.447193140402768296e-09 1.233730213894050531e-08 8.492328506205563254e-09 8.648208326449441853e-09
1.248975251650132531e-08 1.269532705554505955e-08 1.114948715810785898e-08 1.269196982458767643e-08 9.246491716413650710e-09 4.877159174936742398e-22 1.000787575260734967e-08 1.147006443263187993e-08 1.264257255021284980e-08 1.145782984001038322e-08
9.771331533534257790e-09 9.457409768457839545e-09 1.364352454575190090e-08 1.275433936239601888e-08 9.170911541035898918e-09 4.877159174936742398e-22 1.134692376108246027e-08 8.957431786153113083e-09 9.482419433140077861e-09 1.231240105672998378e-08
1.014823000708686309e-08 9.924307580390388719e-09 1.019448459638917874e-08 1.302683402206845891e-08 1.200509835858285719e-08 4.877159174936742398e-22 1.144136682355380661e-08 8.938145422779206154e-09 8.023224478604777123e-09 1.395635456111656700e-08
1.454012890028278284e-08 1.351307672196507767e-08 1.121648053989242315e-08 1.118111411938439960e-08 9.475715967559088516e-09 4.877159174936742398e-22 1.113606716191622691e-08 1.107620063529340665e-08 8.260188306432199111e-09 1.270554168805150434e-08
1.252310152474573003e-08 1.156143632828223510e-08 9.783236478708217114e-09 1.397385543278367419e-08 1.196217103213936462e-08 4.877159174936742398e-22 1.005177579432437892e-08 1.387955121779300413e-08 1.195342435747233607e-08 1.215719406572009680e-08
1.229848323506478887e-08 1.005318704014976948e-08 1.102608556837664340e-08 1.209796579931442697e-08 1.064142584716348358e-08 4.877159174936742398e-22 1.159183668332595930e-08 1.102250019857761000e-08 1.126486275710644137e-08 1.181862413167154866e-08
1.026244848863512920e-08 9.736131366702412709e-09 9.369458480403206168e-09 1.082137837835349692e-08 1.112277286030444958e-08 4.877159174936742398e-22 8.704319135566993390e-09 1.298708180501277112e-08 1.159290516797643997e-08 1.093092090155214983e-08
1.424580055715677569e-08 1.306379650694988882e-08 8.808730450827667593e-09 1.059864409275383350e-08 1.239693754819423416e-08 4.877159174936742398e-22 1.099747368870396491e-08 9.612272453516690849e-09 7.692780154055295996e-09 1.182435321897448493e-08
6.338417293864406919e-09 1.199701426378520172e-08 1.073008512598186029e-08 1.047779467819730940e-08 1.142403965602343541e-08 4.877159174936742398e-22 1.133709338320174106e-08 1.074032037689725092e-08 1.418378111808867267e-08 9.084824503750400762e-09
1.052748977741144235e-08 1.032084793156386691e-08 1.101711839971761047e-08 1.339594656526505074e-08 1.028034177127020564e-08 4.877159174936742398e-22 6.730256690040485342e-09 8.370557253098188073e-09 1.152701289044556470e-08 1.409939587959754208e-08
9.976455913774652484e-09 1.170145149766326607e-08 1.122732099564563685e-08 1.410570998196797145e-08 9.447638984034299501e-09 4.877159174936742398e-22 9.340033843659393883e-09 1.028099186871300699e-08 1.153415980331536031e-08 1.133101509856389587e-08
1.294542574704708632e-08 1.118110168153958229e-08 1.088688629461870899e-08 1.106412243084951068e-08 9.721993685987853854e-09 4.877159174936742398e-22 9.703657946109413621e-09 1.211478931546437676e-08 1.521331753133966543e-08 1.272157748051954653e-08
1.167825832494830332e-08 1.370023150737745805e-08 1.112351806563804993e-08 1.276864612340719110e-08 1.043186414328122969e-08 4.877159174936742398e-22 8.540657746708131624e-09 1.199693032731349467e-08 1.231415445823351169e-08 1.180616494779420918e-08
9.814345441185404082e-09 1.343236339639872773e-08 1.139217223479405942e-08 1.139568209015623424e-08 1.242682291392805144e-08 4.877159174936742398e-22 8.342273878186915529e-09 1.228938156129729706e-08 9.934505044159348344e-09 1.339774095205879753e-08
1.018640423272168428e-08 9.677988676283193690e-09 1.267280818091922013e-08 1.278212254956119402e-08 1.208585681499614643e-08 4.877159174936742398e-22 1.413872416221745665e-08 1.069779735580605516e-08 9.983563892067286855e-09 1.192854910899656756e-08
8.711689007699546679e-09 1.016108944426867103e-08 1.028355419072609746e-08 1.204288867148726788e-08 1.218380066298693440e-08 4.877159174936742398e-22 9.086791860399362203e-09 8.612803922057015339e-09 1.385388135295166224e-08 1.165806068815618354e-08
1.055153168970986861e-08 1.049783711744673975e-08 1.089557528754410328e-08 9.914160066464610746e-09 1.281448030959762846e-08 4.877159174936742398e-22 8.488195675626869292e-09 9.171326019838454172e-09 8.314226711568696919e-09 1.149724288177310331e-08
1.213617420519867916e-08 7.435162553857346458e-09 1.217282552930794697e-08 1.337895859510876219e-08 1.290860694434605137e-08 4.877159174936742398e-22 1.275577383406341598e-08 1.018542444201378826e-08 1.124867609835225423e-08 9.450509890966874044e-09
1.105024834670479726e-08 1.070098348183274209e-08 1.127477009921831553e-08 1.037678706742498642e-08 1.158363640168242872e-08 4.877159174936742398e-22 8.216223926634776479e-09 7.522101468348370995e-09 1.036261855368776131e-08 1.046166299956369672e-08
1.423333862590207185e-08 1.058826473295034622e-08 7.385611859540489703e-09 1.229427070229402599e-08 1.134611483934050779e-08 4.877159174936742398e-22 1.150636102642327206e-08 1.205678009211571252e-08 1.122961340052877470e-08 7.952607357138722424e-09
1.211057327912721363e-08 1.200688312521988360e-08 1.016042601690192849e-08 7.943536778484864625e-09 1.162110636906723636e-08 4.877159174936742398e-22 1.128295017591556264e-08 1.174805597110764830e-08 1.303393753065806078e-08 8.938858799041115188e-09
1.154093903625586821e-08 1.279453703765713871e-08 1.227914917357686169e-08 1.165388876379419436e-08 1.161736353909656010e-08 4.877159174936742398e-22 1.029401888390316335e-08 1.191393882723356545e-08 8.570691866945611765e-09 1.133170244573179149e-08
1.179666589626142725e-08 1.095271489005004027e-08 1.348961037274300609e-08 1.126844244838760824e-08 1.187354744410835958e-08 4.877159174936742398e-22 1.105494157357079854e-08 1.340618979101112790e-08 1.076877237398108901e-08 1.381065071147794152e-08
1.174239866861181926e-08 1.368601545388814102e-08 1.077310195448213125e-08 1.225669128390699707e-08 1.097633577153429279e-08 4.877159174936742398e-22 1.076678060545044453e-08 1.048587155385624155e-08 1.208762304158235554e-08 8.412225556379990548e-09
1.121259114999939823e-08 8.099901171316845230e-09 1.121488273969179897e-08 1.265276913147540027e-08 1.159460295232791844e-08 4.877159174936742398e-22 1.002137674456486356e-08 1.411638570494728883e-08 8.443222277944805197e-09 1.031035102276112564e-08
1.234006823572886075e-08 9.512958328937967924e-09 9.448212554368771336e-09 1.034500383575234638e-08 8.802221934860509085e-09 4.877159174936742398e-22 1.141473849792533275e-08 1.041230866992526637e-08 8.833572367015136688e-09 1.209068459017295792e-08
1.106428897050448320e-08 9.682672066646133280e-09 1.341756869560628420e-08 7.621481584946610412e-09 1.151930802844887972e-08 4.877159174936742398e-22 7.519565603205056206e-09 1.157665645002741827e-08 1.127194523691397115e-08 1.159893034890820626e-08
1.171664527746025911e-08 1.280969606353815914e-08 1.139493474174527549e-08 1.182578890589850420e-08 9.667733186802335247e-09 4.877159174936742398e-22 1.118966748429918834e-08 1.138821230887317534e-08 1.187603535277101083e-08 1.275421097840060097e-08
1.053555106761580790e-08 1.207967424420707470e-08 1.137916561775296390e-08 1.096425102933282413e-08 9.846085872695317434e-09 4.877159174936742398e-22 1.168951771173366046e-08 1.242521189453385499e-08 1.362415778392093646e-08 1.318784113941857510e-08
9.347209199784491098e-09 1.154643723866946778e-08 1.212944175439987292e-08 1.158674501633575953e-08 1.310617456625390738e-08 4.877159174936742398e-22 1.206852459784580437e-08 1.131431023643626792e-08 7.947691954018319013e-09 1.187350847633674973e-08
1.172535390144062215e-08 8.828270884623073099e-09 6.817134555128613904e-09 1.040307695602524095e-08 1.174672420353420758e-08 4.877159174936742398e-22 1.253622338920554510e-08 1.248191510990056439e-08 1.305678692399760041e-08 1.256572533423660183e-08
9.265584057943637745e-09 1.282230469260658370e-08 1.169699372785201670e-08 9.267798370270777331e-09 1.317084907850432459e-08 4.877159174936742398e-22 9.709974927931668340e-09 1.080528533442644457e-08 9.626058818776196071e-09 1.075466518922526297e-08
9.831428872289113536e-09 1.099966983920583138e-08 1.020312353787928869e-08 8.806093847231744669e-09 9.169762702429311188e-09 4.877159174936742398e-22 1.121167886853983641e-08 1.008426531867707784e-08 1.323039848264804666e-08 1.036242167011388423e-08
9.867754618014966990e-09 1.211509932427915042e-08 1.357827639113754521e-08 1.017034873419143094e-08 1.343067994788902450e-08 4.877159174936742398e-22 1.182259120314542519e-08 1.190136629976102533e-08 9.838564277032279479e-09 9.713569270292010312e-09
1.315723234952129610e-08 1.106565184755880008e-08 1.361651817424408625e-08 1.180932263470136523e-08 1.226329414458701840e-08 4.877159174936742398e-22 1.307943188212984603e-08 1.074139856569424055e-08 9.865567556842184007e-09 1.515060257364179402e-08
1.084283999090857717e-08 1.163434323834427861e-08 9.611288990439445135e-09 8.257916692177402722e-09 1.146808290924270322e-08 4.877159174936742398e-22 1.101245113015660248e-08 1.420645309976385363e-08 7.652293181364579126e-09 1.138093521772616983e-08
1.147271274826428373e-08 9.979077298398028470e-09 1.262070784183965613e-08 8.995417442619008207e-09 1.100831298101977891e-08 4.877159174936742398e-22 1.129509493705002021e-08 1.013146689319467902e-08 8.724681743037118525e-09 1.392778731108955129e-08
6.748189469631847507e-09 1.203834207298396011e-08 9.072432463302935151e-09 1.047871010878570462e-08 1.276611518754073128e-08 4.877159174936742398e-22 1.263074202625229684e-08 1.075783800682540051e-08 1.156193367881129706e-08 9.222115944352612497e-09
9.716818601864076659e-09 1.040435080457595095e-08 1.052579760488990574e-08 1.057017965864209506e-08 1.156467017648306204e-08 4.877159174936742398e-22 1.293165155661820279e-08 1.025099532642685928e-08 1.064483484337241866e-08 8.465610523653018937e-09
1.094851400329376196e-08 1.261920457281515857e-08 1.100853794082644819e-08 9.252432174166910773e-09 1.240995936142527610e-08 4.877159174936742398e-22 1.265367869581213064e-08 1.220430981967949444e-08 1.462862631977647710e-08 1.182593540398678596e-08
1.134912083187128889e-08 1.112488965815669808e-08 1.134667185342544201e-08 1.261978455895421507e-08 1.299184615959532610e-08 4.877159174936742398e-22 1.276630619353342123e-08 1.136594725388450755e-08 1.036250805619600075e-08 1.122962999837586874e-08
1.196812328299925925e-08 1.169785522128146632e-08 9.227326376225398495e-09 1.330525501151857035e-08 1.224819484606286344e-08 4.877159174936742398e-22 1.087106800815468103e-08 1.094734882012238671e-08 9.636139648432740967e-09 1.005603475493933152e-08
1.222338489693387798e-08 1.145473604532784740e-08 1.166736476271835272e-08 1.050688839634798126e-08 9.341228461350732770e-09 4.877159174936742398e-22 1.117720134777487614e-08 1.210052855074645248e-08 9.471401885302631688e-09 1.232597239726976313e-08
9.774028734996128646e-09 1.224241341474095322e-08 1.188740427634291639e-08 8.715737104952875273e-09 1.100226639753176790e-08 4.877159174936742398e-22 1.185886013296090468e-08 1.103687738055552039e-08 1.039209450516008504e-08 1.174393896371901748e-08
1.094003270133541811e-08 1.082729325569950929e-08 9.972287117145669464e-09 1.221524677937318084e-08 9.442479091027221141e-09 4.877159174936742398e-22 1.242812779976057246e-08 1.327194764833885128e-08 9.994910279101962454e-09 1.271455717243310710e-08
8.546932390819518098e-09 1.147980272653126314e-08 1.197834622188691211e-08 1.046917186251801240e-08 1.326614166710165390e-08 4.877159174936742398e-22 1.000528652808820935e-08 1.245368956059032028e-08 1.218517260142792055e-08 1.164596177115553533e-08
9.998196435532584796e-09 1.056878962370454722e-08 1.312578672331721500e-08 1.353830877813411680e-08 1.252108997654393781e-08 4.877159174936742398e-22 6.268400473015499548e-09 9.137357182091568595e-09 8.940709217970957465e-09 1.288435141256978789e-08
1.121848055600422457e-08 1.356824616515236991e-08 1.014124291006259189e-08 1.027056741006584262e-08 8.912589887510874836e-09 4.877159174936742398e-22 1.111740269185642064e-08 7.970735563050595563e-09 1.344674667697846330e-08 1.222148211732321397e-08
9.074210291077766797e-09 1.022569564145757824e-08 9.024876672619815641e-09 1.038621778414958771e-08 1.507569460934709532e-08 4.877159174936742398e-22 1.084912295741985349e-08 1.075109501116026652e-08 1.484012633798957635e-08 1.298595346330550340e-08
9.977377612865983990e-09 1.105655988547732532e-08 1.235834586943766984e-08 1.036334297905000824e-08 1.065419797980503144e-08 4.877159174936742398e-22 1.322780847284587856e-08 8.687349819386819920e-09 1.234428310020743090e-08 1.029352940061545209e-08
1.110322358125341258e-08 8.199187469870764810e-09 1.370198601301835183e-08 1.111685675741882183e-08 1.168001063412172414e-08 4.877159174936742398e-22 1.246570604063523883e-08 9.332503117241587601e-09 1.294664558073004140e-08 1.232239764684690790e-08
1.054694005362567489e-08 1.235313104001297474e-08 7.859027790273090557e-09 1.090736376211329805e-08 8.865863968951187853e-09 4.877159174936742398e-22 1.117816826937175676e-08 6.639287628776818377e-09 1.320539780426880704e-08 1.180435455538201166e-08
1.092101437575678409e-08 1.336310912655286028e-08 8.715888788040182032e-09 8.766734767690533578e-09 1.177531612005792323e-08 4.877159174936742398e-22 1.351320307903409841e-08 1.221884403276081407e-08 1.082318206328159705e-08 1.009019274827850886e-08
1.523276513709814162e-08 1.176493450801056472e-08 1.098541140164266907e-08 9.944177862300856499e-09 9.466685095556596060e-09 4.877159174936742398e-22 1.310989183389201650e-08 1.111934800292739907e-08 1.311836056476743084e-08 1.134181617632705128e-08
1.239282243339833391e-08 8.951315102819979218e-09 9.949440237247441696e-09 1.206989937582229577e-08 1.071475307947852684e-08 4.877159174936742398e-22 1.060166469799653073e-08 1.259575438104144244e-08 9.941117488247792285e-09 1.078492329032629048e-08
9.796591634827814831e-09 1.279262895826234233e-08 1.338458498744342028e-08 1.044468036275797393e-08 1.219469872643604974e-08 4.877159174936742398e-22 1.045560201469083188e-08 1.020690393293481894e-08 8.209668631598304994e-09 1.032380471374500475e-08
