2.070047801305487569e-07 2.004682190943693890e-07 2.089809212912745549e-07 2.163437071801470375e-07 2.026206983543806267e-07 2.392309734527693268e-07
2.179041963286045127e-07 2.150444775988790411e-07 2.228424401443061834e-07 2.049272548247469421e-07 2.133218686867958934e-07 2.392309734527693268e-07
2.068799613134354376e-07 2.112839765039938086e-07 2.132068944211296909e-07 2.268640486577126144e-07 2.097536504147103892e-07 2.392309734527693268e-07
2.155126224569179316e-07 2.186148149751973596e-07 2.250438114095155643e-07 2.156298659494602666e-07 2.120152348274689327e-07 2.392309734527693268e-07
2.252160965318694848e-07 2.075326686865343879e-07 2.152927478478525340e-07 2.101604396692916875e-07 2.230580934620502833e-07 2.392309734527693268e-07
2.040084644127031965e-07 2.066947623791737918e-07 2.207261454327343731e-07 2.152397637867695715e-07 2.205011746325188022e-07 2.392309734527693268e-07
2.101646474170609902e-07 2.150129520316310481e-07 2.138357510330873898e-07 1.994885705749571988e-07 2.104585828886059178e-07 2.392309734527693268e-07
2.268580076172816175e-07 2.139922640584157657e-07 2.064481524275734361e-07 2.070671640894115769e-07 2.134237442474674686e-07 2.392309734527693268e-07
2.100488694388921118e-07 2.080871916281739344e-07 2.157007377832080411e-07 2.044968886231828639e-07 2.138353345076918312e-07 2.392309734527693268e-07
2.059345193955335222e-07 2.191648770203163711e-07 2.191077806483782589e-07 2.012125243276204164e-07 2.201215324924486373e-07 2.392309734527693268e-07
2.150348611200096577e-07 2.203629025845738472e-07 2.154461421009478725e-07 2.130576132077310188e-07 2.152816059274954440e-07 2.392309734527693268e-07
2.146325525102757321e-07 2.151842787355349620e-07 2.109420396638927440e-07 2.135508730677889667e-07 1.991154102379856838e-07 2.392309734527693268e-07
2.199844473211745118e-07 2.143520523890702536e-07 1.984545047950456251e-07 2.235213943796021366e-07 2.129184280516510023e-07 2.392309734527693268e-07
2.052817192569597112e-07 2.112872462553108680e-07 2.136971784792232579e-07 2.104721215742236684e-07 2.036930693514425279e-07 2.392309734527693268e-07
2.120462586823647937e-07 2.085606070937683085e-07 2.177338916808987747e-07 2.103887537168785490e-07 2.076936956777440016e-07 2.392309734527693268e-07
2.119597439360044618e-07 1.994484607252018440e-07 2.033576405519104735e-07 2.093143737557205925e-07 2.142094955103095623e-07 2.392309734527693268e-07
2.220061734220159565e-07 2.155478092009978885e-07 2.128848301146471623e-07 2.118291591426051483e-07 2.160356294074261238e-07 2.392309734527693268e-07
2.146690452953180694e-07 1.978799382477730810e-07 2.188392998541891227e-07 1.987368865342438744e-07 1.974376664010333111e-07 2.392309734527693268e-07
2.040369567648656842e-07 2.181011209911192210e-07 2.125955897140414933e-07 2.123698248816915091e-07 2.113169960505556885e-07 2.392309734527693268e-07
2.163493477648784958e-07 1.999722585895470231e-07 2.107089913971124497e-07 2.064021546483421263e-07 2.211644826171202094e-07 2.392309734527693268e-07
1.997917973164736624e-07 2.203303196734272787e-07 2.176281040912279912e-07 2.208536508944957249e-07 2.268649801416422462e-07 2.392309734527693268e-07
2.086804923394442428e-07 2.151775065327951100e-07 2.177745495222204634e-07 2.175790861711119182e-07 2.128470697243655421e-07 2.392309734527693268e-07
2.187711032891142590e-07 2.112033744549580674e-07 2.187718628696283957e-07 2.105663476265759690e-07 2.176678158008465745e-07 2.392309734527693268e-07
2.111399595089205097e-07 2.266586095672947075e-07 2.029780595668449652e-07 2.187335226753536542e-07 2.023450772026106692e-07 2.392309734527693268e-07
2.117251388597190351e-07 2.241606164019167377e-07 2.137775205314997305e-07 2.075593162174568569e-07 2.137582960051910571e-07 2.392309734527693268e-07
2.074523193642102602e-07 2.119915317446084289e-07 1.976814467205973831e-07 2.167539047226098481e-07 2.022669037038371433e-07 2.392309734527693268e-07
2.142178234912951627e-07 2.158918078351128907e-07 2.171184612275862688e-07 2.190883709923871378e-07 2.022853365055779411e-07 2.392309734527693268e-07
2.040195638704102090e-07 2.058111208272802987e-07 2.020591890253698481e-07 2.035683956875473539e-07 2.129075979839392898e-07 2.392309734527693268e-07
2.182786306037274181e-07 2.063866670090048240e-07 2.104250114564243854e-07 2.282481932873577856e-07 2.083705324136445461e-07 2.392309734527693268e-07
2.057659835403403518e-07 2.130192930169982975e-07 2.175347801133704281e-07 2.116309269746069291e-07 2.101178210619642073e-07 2.392309734527693268e-07
2.131579694553067868e-07 2.079442711997877582e-07 2.236398338646361043e-07 2.171510080580690974e-07 2.163207265266497566e-07 2.392309734527693268e-07
2.079166655132226599e-07 2.105881759955510481e-07 2.128089452747239089e-07 2.165510063903333623e-07 2.131827969863637906e-07 2.392309734527693268e-07
2.215351204806485184e-07 2.057076631585198337e-07 2.174055568784445938e-07 2.184792620851164925e-07 2.149115397790449553e-07 2.392309734527693268e-07
2.039280126137583417e-07 2.055138322196450094e-07 2.194469034957820276e-07 2.272289726243795973e-07 2.213354869494374628e-07 2.392309734527693268e-07
2.252310581042497833e-07 1.869621380847944314e-07 2.187701323765759676e-07 2.214205755577442774e-07 2.146248073936844422e-07 2.392309734527693268e-07
2.106325474488799773e-07 2.171276759668597298e-07 2.145596327556075713e-07 2.236125145068672843e-07 1.988271684943007256e-07 2.392309734527693268e-07
2.132414843365804056e-07 2.060784729801009157e-07 2.044197797247659043e-07 2.133235600336338291e-07 2.041967746752047297e-07 2.392309734527693268e-07
2.144038183427812042e-07 2.262130118587755790e-07 2.065243640233112736e-07 2.055103908952170291e-07 1.983232899654405412e-07 2.392309734527693268e-07
2.113868587463648814e-07 2.056508979690040670e-07 2.277289345137905314e-07 2.204631441893072578e-07 2.191709017295891912e-07 2.392309734527693268e-07
2.130162821155190386e-07 2.032475508586096411e-07 2.270433988105801876e-07 2.182860334681160014e-07 2.200345890270766416e-07 2.392309734527693268e-07
2.011794359678042225e-07 2.191415383597496458e-07 2.098064735465646468e-07 2.068778445098639631e-07 2.264383764719789805e-07 2.392309734527693268e-07
2.038544927704668911e-07 2.140607143089859146e-07 1.938109930943815348e-07 2.140182809552355442e-07 2.227801281843470345e-07 2.392309734527693268e-07
2.077011599483033156e-07 2.144006487564549585e-07 2.223319891667589978e-07 2.206428114100312344e-07 2.169824892279314615e-07 2.392309734527693268e-07
2.193734930563418557e-07 2.087663565137072704e-07 2.232576805464941998e-07 2.037445846641684886e-07 2.241742349136797839e-07 2.392309734527693268e-07
2.172377332519257969e-07 2.111859492551356638e-07 2.183002773478225273e-07 2.124319914605060316e-07 2.236271872332107339e-07 2.392309734527693268e-07
2.112433098466803601e-07 2.152034894960904668e-07 2.172765277258556185e-07 2.181021343790729058e-07 2.254689470231777713e-07 2.392309734527693268e-07
2.185403585810125607e-07 2.093228438109687864e-07 2.139957858201140750e-07 2.173860531009564464e-07 2.054453053686413835e-07 2.392309734527693268e-07
2.067602464192866811e-07 2.161085091781603693e-07 2.230617140627629550e-07 2.104033902964105706e-07 2.165428807083241788e-07 2.392309734527693268e-07
2.137907600163523562e-07 2.043946083332693009e-07 2.147436584592730006e-07 2.069334654763312644e-07 2.163090524483201774e-07 2.392309734527693268e-07
2.236300601418391915e-07 2.104834662523952405e-07 2.142412321067139888e-07 2.248873488044152909e-07 2.166730863130963239e-07 2.392309734527693268e-07
2.126332736993473596e-07 2.215666893581223254e-07 2.079396900745449692e-07 2.185249229342744701e-07 2.192651627244003149e-07 2.392309734527693268e-07
2.309361558006369332e-07 2.199299258226526165e-07 2.003068538534597479e-07 2.304156175483416317e-07 1.996412660273541543e-07 2.392309734527693268e-07
2.116017002033541494e-07 1.996902402783476597e-07 2.046209756407444307e-07 2.074687559871185659e-07 2.183844069612846379e-07 2.392309734527693268e-07
2.137341628063335753e-07 2.198237615859905783e-07 2.110350836560602572e-07 2.081757612144915102e-07 2.024998276201003282e-07 2.392309734527693268e-07
1.992459304360883686e-07 2.154950918672546918e-07 2.088839123256200630e-07 2.047764159357779424e-07 2.075212488834247340e-07 2.392309734527693268e-07
2.134581095713065470e-07 2.119577084574859068e-07 2.035661045803776229e-07 2.056019378528803599e-07 2.046984792073452628e-07 2.392309734527693268e-07
2.085913194711044363e-07 2.177174820682308512e-07 2.124565830473490398e-07 2.334131680343131733e-07 2.250591532145253640e-07 2.392309734527693268e-07
2.155824695968739804e-07 2.004686041398085711e-07 2.115355113086551750e-07 2.134287756220647843e-07 2.016698091735460930e-07 2.392309734527693268e-07
2.161246685874045621e-07 2.119917011679620118e-07 2.156887213771182458e-07 2.086278190711265070e-07 2.080016500751890100e-07 2.392309734527693268e-07
2.023385084457336563e-07 2.080123968988074430e-07 2.159023346363962521e-07 2.137653684742439205e-07 1.986456207879461676e-07 2.392309734527693268e-07
2.115162377711157258e-07 2.175615703887577634e-07 2.187434976983921034e-07 2.128130994641920840e-07 2.116535825468804064e-07 2.392309734527693268e-07
2.109640964636734717e-07 2.150489281558705917e-07 1.961172236269409089e-07 2.093529544803484939e-07 2.161837343550810422e-07 2.392309734527693268e-07
2.130738052248377226e-07 1.972514192125596707e-07 2.111659386589405594e-07 2.218371035765890977e-07 2.110918775314070032e-07 2.392309734527693268e-07
2.241286165519917756e-07 2.074878826409646082e-07 2.086387980322816182e-07 2.138116780029266103e-07 2.066930618544493490e-07 2.392309734527693268e-07
2.093078707946717946e-07 2.137233211596198786e-07 2.257220261785179934e-07 2.179409147720007421e-07 2.120474109224320858e-07 2.392309734527693268e-07
2.199857797430438912e-07 2.062984775377747814e-07 2.192083001409614657e-07 2.077085335100406748e-07 2.161120595332714812e-07 2.392309734527693268e-07
2.223885522356109326e-07 2.248192352578136963e-07 2.264230383917893136e-07 2.234617935076843472e-07 2.174965026919629450e-07 2.392309734527693268e-07
2.150347692960968858e-07 1.964077377450367004e-07 2.294912632435971477e-07 2.082997480964944878e-07 2.035910036098580814e-07 2.392309734527693268e-07
2.046732379054928139e-07 2.224452892185243034e-07 2.021900172493984700e-07 2.284456957046933602e-07 2.112273258522939256e-07 2.392309734527693268e-07
1.988051408831897305e-07 2.245692921569997318e-07 2.232606381755526475e-07 2.220628763668651050e-07 2.142294634610068310e-07 2.392309734527693268e-07
2.203180116618136173e-07 2.063358048601858660e-07 2.171462120104724829e-07 2.209680126953076818e-07 2.115243304610231071e-07 2.392309734527693268e-07
2.310411000278870009e-07 2.038879734412079879e-07 2.041213777569016764e-07 2.112604552917353887e-07 2.230753989811585153e-07 2.392309734527693268e-07
2.158533958355089292e-07 2.233516779099045171e-07 2.130377859839841914e-07 2.155533232167108434e-07 2.156717123256649658e-07 2.392309734527693268e-07
2.198426633633110794e-07 2.121411711381423173e-07 1.961801945577519152e-07 2.062280019531309335e-07 2.189251336372076290e-07 2.392309734527693268e-07
2.249341775440235346e-07 2.132317761509815793e-07 2.123605629207425526e-07 2.109461144801265228e-07 2.143753022333437557e-07 2.392309734527693268e-07
2.105362804937128832e-07 2.187450501920383705e-07 1.967804862474579841e-07 2.194528128722639737e-07 2.111448891667555055e-07 2.392309734527693268e-07
2.017195070145735136e-07 2.161864319115034070e-07 2.003732969631382733e-07 2.016688477305438462e-07 2.262133908169188620e-07 2.392309734527693268e-07
2.072109346004384561e-07 2.067474697909924788e-07 2.184895750770809907e-07 2.095235241585107128e-07 2.171991655582668436e-07 2.392309734527693268e-07
2.109480174073249354e-07 2.153217654035650313e-07 2.238074495577000196e-07 2.113431611053244875e-07 2.051723250154229018e-07 2.392309734527693268e-07
2.135113842722188417e-07 2.306844739179657608e-07 2.094607015254738818e-07 2.214423607576661944e-07 2.118255003379869444e-07 2.392309734527693268e-07
2.075747128837937984e-07 2.023870897925328386e-07 2.050580407091841271e-07 2.158712219818561034e-07 2.158000131993682434e-07 2.392309734527693268e-07
2.202676022692855213e-07 2.154355702528203819e-07 2.087098054050077994e-07 2.259273631522172753e-07 2.138488313675614445e-07 2.392309734527693268e-07
2.128254017144118079e-07 2.091412395206033370e-07 2.160034053831501048e-07 2.075407780306951844e-07 2.200667832810788985e-07 2.392309734527693268e-07
2.013904653807029797e-07 1.938302230492926564e-07 2.129178955885251794e-07 2.120253665071093067e-07 2.199242029616835114e-07 2.392309734527693268e-07
2.158309578060143428e-07 2.202572359491391861e-07 2.070452679518920274e-07 2.115839833462078180e-07 2.163655909532013952e-07 2.392309734527693268e-07
2.181915010366679924e-07 2.171108006547724363e-07 2.072945951115259605e-07 2.039164953786948054e-07 2.054629299574900922e-07 2.392309734527693268e-07
2.048820544072307616e-07 2.149954955354822875e-07 2.271465735755975354e-07 2.073602107549713907e-07 2.138867829912737293e-07 2.392309734527693268e-07
2.214833038787851281e-07 2.105236844270718199e-07 2.193321383620052777e-07 2.084384865311059297e-07 2.150577736793354746e-07 2.392309734527693268e-07
2.244323706623603621e-07 2.184261223516820635e-07 2.112739495965073790e-07 2.033947614942699653e-07 2.149050083051113065e-07 2.392309734527693268e-07
2.114297951025804864e-07 2.100777091069778129e-07 2.193267810718951926e-07 2.076628422449881672e-07 2.085896256174419206e-07 2.392309734527693268e-07
2.090612924139090245e-07 2.035308473425223614e-07 2.185194923486943319e-07 2.096807900266858947e-07 2.093496398235837857e-07 2.392309734527693268e-07
2.093353472939177886e-07 2.163804816897505562e-07 2.091261470636617190e-07 2.166625272429544775e-07 2.222588569872212268e-07 2.392309734527693268e-07
2.202565550225838426e-07 2.171413236470652294e-07 2.054115040924906913e-07 2.149333976195576903e-07 2.219716947762342533e-07 2.392309734527693268e-07
2.105474512562173096e-07 2.085290019772525940e-07 2.070640416384171203e-07 2.179632909261516983e-07 2.107565708511497799e-07 2.392309734527693268e-07
2.039076431165101269e-07 2.143841351265396375e-07 2.227831263071234770e-07 2.075921349300499913e-07 2.119640741130150353e-07 2.392309734527693268e-07
2.178305325253562870e-07 2.194837508252134330e-07 2.087169560595407265e-07 2.052565559709704871e-07 2.240147501176220433e-07 2.392309734527693268e-07
2.094118053744227386e-07 2.114149337424095413e-07 2.273974433916854786e-07 2.110164977934717896e-07 2.064574211241775172e-07 2.392309734527693268e-07
2.081748893118345085e-07 2.103582090577115316e-07 2.045067467896308194e-07 2.198589141816008092e-07 2.128000048560217016e-07 2.392309734527693268e-07
2.235676579769857020e-07 2.209292694937108638e-07 2.227076399454704830e-07 2.200862422883768475e-07 2.176904657573418247e-07 2.392309734527693268e-07
2.253563296679280675e-07 2.166475816597447355e-07 2.219248788479859697e-07 2.177813883654427179e-07 2.044151103953281929e-07 2.392309734527693268e-07
2.075631319267232786e-07 2.016447176753831325e-07 2.185008093428523623e-07 2.311057538438192602e-07 2.219486648274017641e-07 2.392309734527693268e-07
2.278606529816869259e-07 2.130788716509622705e-07 2.074212099922977531e-07 2.059754774619771160e-07 2.238301945901597526e-07 2.392309734527693268e-07
2.103122797806965996e-07 2.215402388218893304e-07 2.139432111287592218e-07 2.052325575940275178e-07 2.122592730943014810e-07 2.392309734527693268e-07
2.163252468945623934e-07 2.000534213949535068e-07 2.073819598039814461e-07 2.234135309356427649e-07 2.132714592567440790e-07 2.392309734527693268e-07
2.104090919213028351e-07 2.026843845904601099e-07 2.178443876716183028e-07 2.158326277226484036e-07 2.069181107404413177e-07 2.392309734527693268e-07
2.146379227124739559e-07 2.166740808000552535e-07 2.226574251630129595e-07 2.124450403159797716e-07 2.271012221701117984e-07 2.392309734527693268e-07
1.980133856596517443e-07 2.114805451367331175e-07 2.165365771136921266e-07 2.084246508070394292e-07 2.188601559139359724e-07 2.392309734527693268e-07
2.049813158749188655e-07 2.209076098266806973e-07 2.070619378578181529e-07 2.166600266299945428e-07 2.138368566601018729e-07 2.392309734527693268e-07
2.142653530323473445e-07 2.193993410524083480e-07 1.982694415490399256e-07 2.102888920486479244e-07 2.101889826553774670e-07 2.392309734527693268e-07
2.157903649471348499e-07 2.051996142714140399e-07 2.118757714458100902e-07 1.947457261703561937e-07 2.136728763813688393e-07 2.392309734527693268e-07
2.098927652653200278e-07 1.907961314820706258e-07 2.187919169033608014e-07 2.095342854784156736e-07 2.065334275719607192e-07 2.392309734527693268e-07
2.069553237052027559e-07 2.075761043540759835e-07 2.127851179643189361e-07 2.116252611705208460e-07 2.030633749687087835e-07 2.392309734527693268e-07
2.186298384102589928e-07 2.247866753794246487e-07 2.149960069382935974e-07 2.074077788444049106e-07 2.028507256518452452e-07 2.392309734527693268e-07
2.062790960684456301e-07 2.235450017791209537e-07 2.166461260673775008e-07 2.307061054041855258e-07 2.064949303778957105e-07 2.392309734527693268e-07
2.208681833863181929e-07 2.161959508918907432e-07 2.095383342322775576e-07 2.083380380174872348e-07 2.102403583425881237e-07 2.392309734527693268e-07
2.088499866049428010e-07 2.025547413707307996e-07 2.135710935716360865e-07 2.161024123776504046e-07 2.118674738886350192e-07 2.392309734527693268e-07
2.250457623444377151e-07 2.078795660783084805e-07 2.093168408326913521e-07 2.097416586149603754e-07 2.171943056450656177e-07 2.392309734527693268e-07
1.995463646405784097e-07 2.156257053366869838e-07 2.216045644485301620e-07 2.183712286244909722e-07 2.251378055492714796e-07 2.392309734527693268e-07
2.239654937467989286e-07 2.150533254097118759e-07 2.012687661232502012e-07 2.077114652553584824e-07 2.100599223835169553e-07 2.392309734527693268e-07
2.106230997051482131e-07 2.136384313591085635e-07 2.093865788364679834e-07 2.155076475825596578e-07 2.187229412695988778e-07 2.392309734527693268e-07
2.267968455214582939e-07 2.074477474309587181e-07 2.136565822090813590e-07 1.973469863563691302e-07 2.109754434327263560e-07 2.392309734527693268e-07
2.150461003815180365e-07 2.242961372798020672e-07 2.032981901696968035e-07 2.074714005780375316e-07 2.102001822146119054e-07 2.392309734527693268e-07
2.112744129561868295e-07 2.058476816451563943e-07 2.163891585276068805e-07 2.164534216645276331e-07 2.163994312993015861e-07 2.392309734527693268e-07
2.219359305457667210e-07 2.157517488842255793e-07 2.103158578956627494e-07 1.952772841486350983e-07 2.133629445272707419e-07 2.392309734527693268e-07
2.072880070540332593e-07 2.172577799819672724e-07 2.241464716845186802e-07 2.050868487774563308e-07 2.061018269878666593e-07 2.392309734527693268e-07
2.121262203367050532e-07 2.185803165379251317e-07 2.155436357230699802e-07 2.051871468101137157e-07 2.196054681659801199e-07 2.392309734527693268e-07
2.112422932741191953e-07 2.101957768254604935e-07 2.018751887996813900e-07 2.204558133029132844e-07 2.190777439222487505e-07 2.392309734527693268e-07
2.242178144917051835e-07 2.179399483052313414e-07 2.202562722498142536e-07 2.235600227819723980e-07 2.173638881499063863e-07 2.392309734527693268e-07
2.249673084283677334e-07 2.058587357722640872e-07 2.157174463300551512e-07 2.036793298542583592e-07 2.022481061399759661e-07 2.392309734527693268e-07
2.168332965318466756e-07 2.263545806381540429e-07 2.259777583270101810e-07 2.227715344557420621e-07 2.047655220240375859e-07 2.392309734527693268e-07
2.015747761367676950e-07 2.090720715679791873e-07 2.229014665454418255e-07 2.091341001854237614e-07 2.218643613191848248e-07 2.392309734527693268e-07
2.137535981538439145e-07 2.171851195093934157e-07 2.199004592609426883e-07 2.100423982462393436e-07 2.020095089182180021e-07 2.392309734527693268e-07
2.186343428649458882e-07 2.184304818946275455e-07 1.990328399472614339e-07 2.080048994040147771e-07 2.346123527833292038e-07 2.392309734527693268e-07
2.166451984315058693e-07 2.231503575291311666e-07 2.232497930248897265e-07 2.149906201605966731e-07 1.924986803175558409e-07 2.392309734527693268e-07
1.892399675844262690e-07 2.097510207549957532e-07 2.088144606739913232e-07 2.093027852904520900e-07 2.159168268606669661e-07 2.392309734527693268e-07
2.053938350090546529e-07 2.076858205293907546e-07 2.167902796166299310e-07 2.140900459786598930e-07 2.206681299905245298e-07 2.392309734527693268e-07
2.093339564028134394e-07 2.148618898787008915e-07 2.045386538444948540e-07 2.220804353207459169e-07 2.160128183547619275e-07 2.392309734527693268e-07
2.028066409691563198e-07 2.036324021262964860e-07 2.075661446448550635e-07 2.135482204077814650e-07 2.044705432552578404e-07 2.392309734527693268e-07
2.125416281286375690e-07 2.026640049876884149e-07 2.151336266394384258e-07 2.089401282303107776e-07 2.154049422868976199e-07 2.392309734527693268e-07
2.113673794039875875e-07 2.168273715460586450e-07 2.181204160250588053e-07 2.185063175743824877e-07 2.136929801425004953e-07 2.392309734527693268e-07
2.165663113653955064e-07 2.108456285031953887e-07 2.100760640218917536e-07 2.123759101994778073e-07 2.143595860658035301e-07 2.392309734527693268e-07
2.057884948718687290e-07 2.183439859290408621e-07 2.136416064119724221e-07 2.012756144944883696e-07 2.194313209906955294e-07 2.392309734527693268e-07
2.130686300065365216e-07 2.114942423156969405e-07 2.119177841191558994e-07 2.201010412176279202e-07 2.137824308610549155e-07 2.392309734527693268e-07
2.149022903790426322e-07 2.151653602665559649e-07 2.207217811231785578e-07 2.205225530330857573e-07 2.089288871410677701e-07 2.392309734527693268e-07
2.063757045035249620e-07 2.097478240222444385e-07 2.117217420959128348e-07 2.097680238246541582e-07 2.087484227409324420e-07 2.392309734527693268e-07
2.169220219389069435e-07 1.955113901957690289e-07 2.153764731488195638e-07 2.297021042061923646e-07 2.082138827767432512e-07 2.392309734527693268e-07
2.141403893424999084e-07 2.060808155807802847e-07 2.202026325989374123e-07 2.182689666856037303e-07 2.014595313412116302e-07 2.392309734527693268e-07
2.051135543723073131e-07 2.031021829460346209e-07 2.095553234141330755e-07 2.158001506097488977e-07 2.163082127330487908e-07 2.392309734527693268e-07
2.167128689915769366e-07 1.990131477445806468e-07 2.141164156520771769e-07 2.196825692240526760e-07 2.144506601090846384e-07 2.392309734527693268e-07
2.058039069839577134e-07 2.292267826469626486e-07 2.133306277612766746e-07 2.013904391245272996e-07 2.115490684712102179e-07 2.392309734527693268e-07
