1.039271956589804238e-08 9.520733472360116285e-09 1.146063454286809276e-08 1.163288135027631645e-08 1.119141920644162142e-08 1.111681935193320574e-19 1.075136564512024290e-08 1.150645142908813436e-08 1.143754983951023233e-08 1.088399546989263271e-08
8.399614739320527098e-09 1.402234917902552224e-08 1.149465355924216436e-08 9.869884530785314476e-09 9.320358471264496804e-09 1.412921531600760081e-20 1.243336080736319828e-08 9.983115883280687650e-09 1.213883826140601755e-08 8.720932444591363706e-09
1.249004769614164580e-08 1.219199111575650827e-08 9.737726774916469071e-09 1.306278466441088843e-08 9.863138936501476982e-09 1.088224624104817488e-19 9.225815654380734620e-09 1.105361907220581185e-08 1.103896963516366690e-08 9.653099933069627951e-09
1.121760365068303792e-08 7.058991776347383735e-09 1.304142622241352012e-08 9.063353169606642938e-09 1.001178990123241783e-08 2.267503935747875795e-20 1.141350012821018412e-08 1.223709369780163095e-08 1.256507471890013997e-08 1.085574834319285421e-08
1.249218785481886783e-08 1.262222505293169873e-08 1.179613435543344258e-08 1.377485915034621466e-08 1.276086832219323462e-08 6.407748670039015511e-20 1.330244474725695255e-08 8.149687641358850167e-09 1.076765849454072330e-08 1.043021997524367747e-08
1.195709934400231210e-08 1.045600282521242076e-08 1.096984811273084681e-08 1.522928541432057286e-08 1.270135428115874089e-08 2.575263977578436442e-20 1.096786245879439667e-08 1.198876563958695208e-08 1.165471614899353509e-08 9.677599849605578480e-09
9.156538384297013984e-09 8.944393542346074072e-09 1.333597190713690812e-08 9.696579634273397268e-09 1.083873869611215325e-08 4.273309669916541601e-21 1.013678567304069613e-08 1.205438514645135659e-08 1.065777865166191996e-08 1.142094047073652646e-08
1.165865103341324613e-08 7.611144235667625112e-09 1.402396617238630855e-08 1.130688075691807953e-08 1.151255869558141148e-08 2.543127723081618277e-21 1.327638997007844647e-08 1.409279758881285457e-08 1.267037673663573629e-08 9.124555011690734916e-09
1.066530978029015811e-08 9.082477091151281468e-09 9.124579822796941219e-09 1.162792134057818671e-08 9.351360552851606341e-09 1.760307324369479744e-19 1.107215283335512238e-08 1.285734933171844350e-08 1.034120472207784147e-08 9.710860098484724373e-09
1.275103320505664292e-08 1.270945350836683974e-08 9.687166593251840204e-09 1.101833866073582105e-08 9.754803008120511882e-09 1.760822829207728063e-19 1.136013882677711861e-08 9.715680210828637692e-09 1.265641854711366696e-08 8.007046384875753645e-09
1.078484366533348763e-08 1.030531780527621523e-08 8.060765745227832050e-09 1.272333083843277208e-08 1.051222733873317862e-08 4.597854389534422278e-21 1.008875292922845758e-08 9.904989456999293771e-09 9.891271974123745363e-09 1.098539274895655870e-08
1.079966741542669570e-08 8.155568862331614609e-09 1.126586191718853561e-08 1.189048845318083069e-08 1.263872800370946916e-08 2.397926641118891660e-20 9.865782436130358039e-09 1.169114573332571099e-08 1.011005665292907788e-08 8.964375803666490390e-09
1.100799936173776634e-08 7.531479829224349429e-09 1.116792653738951582e-08 1.072935157147770661e-08 8.623605459473485274e-09 5.063863730371589849e-20 1.054762051226291223e-08 1.002364766336985455e-08 1.173000194952409117e-08 9.005634468584230245e-09
8.557127768973070151e-09 1.199662942981096308e-08 9.423242556313301970e-09 1.099788615646590331e-08 1.067828042393665952e-08 1.706359846044353190e-20 1.132678102241647130e-08 1.136594962574765538e-08 1.263121462275401282e-08 1.024296020553000847e-08
1.253660079718282317e-08 1.409834069129582094e-08 1.440721946992859500e-08 1.025281282803866571e-08 1.049508227286967245e-08 2.398774717170833322e-20 1.021383598063495608e-08 1.081833697356690706e-08 9.752469467989816950e-09 1.204083417387115961e-08
1.377781802879656016e-08 1.068189760582925402e-08 8.195184371426596683e-09 1.062870221191737285e-08 1.380216944190110145e-08 1.081948317131913545e-19 1.192540668910204252e-08 1.121616997889448228e-08 1.352701173812138091e-08 1.048304770866798820e-08
1.268408663615817961e-08 1.113525077852572194e-08 1.186997506789790468e-08 1.113478117387279214e-08 1.262865699392865641e-08 1.403367665176655299e-20 1.074119517220848112e-08 8.651229898263706210e-09 9.758146025502428914e-09 1.253715476601207482e-08
1.166552329247674794e-08 1.503872346628831641e-08 1.149240783898034264e-08 9.705414464988081388e-09 1.341507345439936582e-08 5.606315783409140245e-20 1.207880037048644496e-08 1.315146402000535032e-08 1.093035309751914902e-08 1.187428006000957537e-08
9.087950748446559840e-09 1.393161694715253308e-08 1.041351037572002150e-08 1.060285151025458587e-08 1.128704416635589231e-08 5.902763866659013413e-20 1.039065814178341439e-08 1.179187012725351066e-08 1.054245020041079339e-08 9.677641290952375069e-09
1.093725545382780654e-08 1.086995309468119623e-08 1.061209996897415072e-08 1.152470923327366001e-08 9.804731688795404786e-09 2.756477504382318591e-20 9.609799023008988410e-09 1.172381295368182266e-08 1.264644873655203955e-08 1.346250612800572751e-08
1.314082080261885627e-08 1.151197361103366853e-08 8.557876856496316761e-09 1.118113684807316129e-08 9.220120703763022883e-09 3.079313227890113893e-21 9.983391757355257679e-09 1.257202964128370047e-08 1.172358558511913812e-08 1.098443174859399357e-08
9.910600412770138585e-09 1.039467178611905836e-08 1.007350844607875135e-08 1.223336000983362572e-08 1.460914153689768238e-08 3.139936405555974523e-20 1.399093090449617710e-08 1.251279580068961919e-08 1.129062311503796382e-08 1.111566170567200370e-08
1.172396078658083127e-08 1.047514270897217531e-08 1.313189211571321729e-08 1.069124802725528608e-08 1.128748757015563321e-08 6.949566347011248333e-20 7.873306980552091119e-09 1.199716566777018762e-08 1.036937191178862191e-08 1.420433018076729509e-08
1.206471316642763116e-08 1.342708728188746743e-08 1.275034307649492856e-08 1.057110224834626528e-08 9.498063237008285974e-09 1.004944645866908480e-19 1.075003013190069841e-08 8.116253200197478778e-09 1.153021704377237245e-08 1.491773476964698443e-08
1.042066135792155458e-08 7.413569058362659693e-09 1.123164985665085239e-08 1.139646107469199360e-08 1.042773464126082832e-08 1.906490541313161338e-20 8.922326434916035048e-09 1.422972940168676236e-08 9.693035170850154365e-09 1.241541715166803498e-08
9.733184919452964869e-09 1.171123696843915457e-08 9.242118171789960369e-09 1.322957485035981461e-08 1.590652477265970428e-08 1.844504766131938811e-20 1.095272390502166647e-08 8.126626817653537157e-09 9.879612385457748250e-09 9.630981937580464166e-09
9.342560330264229268e-09 1.056551358958400499e-08 1.010948956485901868e-08 1.032015238673693779e-08 1.005746539105812112e-08 1.145980970788481825e-19 1.016321295033545876e-08 1.132430856169899336e-08 1.412999513284448659e-08 1.194085424353783333e-08
1.142728241540645832e-08 8.722770898452407460e-09 1.117394503680222036e-08 1.326212110502035977e-08 1.253395316065404730e-08 2.246193614294827862e-19 1.306724406019029408e-08 1.299754329487020303e-08 1.229179451746156352e-08 1.241301772026645678e-08
1.533207139386146373e-08 9.810211111781233320e-09 1.180566769498682881e-08 1.297452776009785652e-08 1.115250403433412952e-08 1.559673564764039823e-19 1.158076563968602409e-08 9.749035305671730778e-09 1.140090904822441937e-08 1.330770618663045158e-08
1.073553267563559780e-08 9.841126885284055882e-09 1.085614424794744914e-08 1.174335458822572277e-08 1.054014840213553193e-08 2.402881516909969321e-19 8.874163201244923031e-09 1.089008495460181422e-08 1.103907994358539993e-08 1.412215713729741445e-08
1.229772163440661490e-08 9.999874743577512459e-09 1.233909029638758266e-08 1.344752002382269897e-08 1.314229935108243180e-08 1.674184361497563381e-21 1.159666766893520182e-08 1.004726937017773885e-08 1.239444811982522360e-08 8.895765779043710556e-09
1.255836339242390312e-08 1.239869974467912444e-08 1.114413067504994379e-08 8.568443863931085766e-09 1.023025479358043137e-08 2.758175789663179132e-19 1.170344707260889428e-08 1.082890451805270721e-08 9.807838122250381476e-09 1.069851222089948785e-08
6.003090975559031507e-09 1.080710958840478959e-08 1.029233836467029460e-08 1.390472948803063622e-08 9.359817548034724424e-09 1.247473706711437481e-19 1.334849792073566405e-08 1.214219525310086586e-08 1.201341210187384081e-08 1.140082831402219916e-08
1.147341887998764796e-08 1.085835438709513789e-08 1.020221010699698690e-08 1.234962113616560170e-08 9.981571267911687383e-09 1.860709916881727225e-19 8.227304018826578573e-09 1.324670420280899727e-08 1.250811051764841028e-08 9.529766509619265130e-09
1.209059793038439340e-08 1.059557954292049386e-08 1.285707002721406156e-08 1.213913348245401185e-08 9.592098032797698651e-09 1.209995204057196492e-20 1.128368887490691571e-08 1.310598785831720871e-08 1.037021920028875215e-08 1.214181487515977880e-08
9.288470485956358792e-09 8.575513737067423050e-09 1.156767413807506744e-08 9.463843450308085206e-09 1.067848602524252726e-08 1.225729248631694412e-20 1.286301736653385037e-08 1.091951955589502114e-08 1.063242581051657637e-08 1.177209714663067978e-08
1.232957711605679107e-08 1.080829162576704025e-08 1.301942238274553649e-08 1.305288134707624299e-08 1.471203792069372312e-08 2.358029134195135202e-20 1.055786618887198357e-08 9.662093145435041506e-09 1.183081192708247869e-08 8.447865077803465838e-09
1.047727610810896118e-08 1.161184236189270842e-08 1.095536497813486194e-08 1.181703979892869058e-08 1.263329716425201519e-08 8.364128638900864158e-21 1.028104086294241875e-08 1.100346957024759563e-08 1.026606765504847019e-08 1.099999936665342530e-08
9.937830831026600184e-09 8.414762626703643420e-09 1.150424575087548273e-08 1.132508550312580928e-08 1.061245466875189614e-08 4.788631444735394374e-20 1.032602602245441260e-08 1.049019679958175581e-08 8.996540590632542096e-09 1.227208233032431593e-08
1.308886910609854647e-08 1.260526296455254020e-08 1.103818913501164534e-08 1.241558789516409812e-08 1.038175639881484542e-08 3.249437860530385719e-20 9.811468404304899102e-09 1.325110290345340996e-08 1.118364053836368950e-08 1.083663377591671133e-08
1.163380642945416584e-08 1.323042700456448732e-08 1.167080653551605039e-08 1.263396971395248497e-08 1.121314883445027787e-08 1.773497685537804518e-19 9.359123728797183962e-09 7.178008134098475057e-09 9.115228180328661527e-09 1.192898382941287195e-08
1.129398302196681973e-08 7.249958772809941801e-09 1.374794852757319574e-08 1.050290459956615619e-08 1.313278886154096012e-08 9.122502738490634031e-20 1.077660864228033658e-08 1.191122780913246744e-08 1.339407267115810533e-08 1.169552541268972507e-08
1.142856272899586895e-08 1.113324622773736133e-08 1.065873260148936730e-08 7.018483510745703804e-09 8.561383771190961518e-09 1.093880355005407140e-20 1.083778285356990665e-08 1.071760861455098351e-08 8.054525765771272254e-09 1.028369380835629896e-08
8.730080220186714367e-09 1.266240128922829362e-08 1.215867076759934285e-08 1.281253110008233730e-08 1.206525344605054980e-08 1.987126295487012391e-20 1.348086865917665939e-08 1.299848648037647956e-08 1.006227596297588349e-08 1.178935448035971245e-08
9.143629559538367763e-09 1.250087558620286954e-08 1.381549800316954093e-08 1.290443889692310341e-08 1.184989790831691637e-08 2.277612115847850299e-19 1.120550417955261671e-08 1.184157653820892677e-08 9.054699233465564427e-09 1.079226071130465095e-08
1.041686904949897209e-08 8.037456309468267599e-09 1.225135733268817576e-08 1.031198319201498854e-08 1.215636963683123436e-08 7.328035303450882234e-21 9.204400526947712497e-09 1.105591090889024069e-08 8.379668076561795663e-09 1.208776011677806509e-08
8.200043618681650440e-09 1.037300583584519174e-08 1.214721595718143785e-08 8.975552783839127684e-09 1.047994079554150927e-08 5.293920274721683955e-20 1.137195721313236782e-08 1.026257521736043580e-08 1.143671633167653480e-08 1.360574257138149324e-08
1.038342786739703365e-08 1.089260512458821355e-08 8.399407926179818679e-09 1.280943008053207486e-08 1.306846247772266306e-08 2.355089906147410739e-20 1.209512450154059917e-08 1.010615476783422096e-08 1.045504385544575504e-08 1.104347096061921113e-08
1.209015922496137161e-08 1.231253653823735882e-08 1.131174863625805420e-08 1.065655720090967554e-08 1.005708275847521090e-08 2.142740096890334970e-20 8.704195849180987083e-09 1.367598881666350471e-08 1.173000905489365863e-08 9.403214700685205491e-09
1.112179795933184590e-08 1.075505950074076353e-08 1.412974172976027779e-08 1.030236443104106477e-08 1.168659527198569956e-08 4.466317427831219698e-20 9.430954016969440303e-09 1.060389253182012674e-08 1.009755443222653222e-08 1.109571087771274937e-08
1.216653962248030025e-08 1.001344725208790597e-08 8.811406062248271632e-09 1.440392058048555929e-08 1.183406493051891254e-08 1.278077711815063508e-19 1.080808390469629660e-08 9.804848199145607166e-09 9.402832032378864354e-09 9.457174408256800328e-09
1.017231493844393976e-08 9.490542858000559814e-09 1.165422667421325400e-08 1.050463196997878058e-08 1.239549859091321875e-08 7.280517463443048745e-20 1.184999745261413583e-08 1.311116026569897453e-08 8.435261940409177344e-09 1.383429691038136518e-08
1.325363735127809013e-08 1.196992929865434716e-08 9.553306694044752626e-09 1.297589989267661869e-08 9.360727731789154252e-09 2.472957379717959025e-19 1.284797057685229771e-08 1.164908476173886617e-08 1.206645386848341719e-08 1.191266998029973540e-08
1.018653640009293204e-08 1.156719089388951086e-08 1.342812496971232660e-08 1.356954781970815037e-08 1.079347964093804875e-08 2.368624329031049009e-20 1.016671743985017070e-08 1.383777221527978094e-08 1.071542023109685616e-08 8.508240303878353419e-09
1.025101966635472796e-08 1.296794092070337293e-08 9.741249640907493740e-09 1.053895793939758597e-08 1.238626578893840440e-08 7.339526130825245401e-20 1.144916124800547210e-08 1.034721426044832966e-08 9.865317934199476122e-09 9.345885241338704726e-09
1.209801884861155791e-08 7.521517837357414979e-09 1.045622449690519462e-08 1.392499288588084420e-08 8.194022418540238624e-09 4.479747844363411869e-20 1.010937980769501973e-08 9.212765800081615562e-09 9.598703936116884705e-09 1.363388317664826682e-08
1.365497065092608851e-08 1.134137928422561005e-08 1.166043741287370336e-08 1.294394785286199104e-08 9.442681932746240898e-09 1.414221707932082647e-19 1.107554847809860597e-08 1.231901199295551469e-08 7.546708224967072981e-09 1.207295422374682868e-08
9.541593204128345648e-09 9.803454050525226749e-09 1.107520524937742746e-08 1.296678117469208753e-08 1.157591373985083835e-08 3.061224215501942481e-20 1.205545892481559055e-08 9.657462226435878579e-09 1.173266539167171642e-08 1.407554945944555482e-08
1.135089305548843603e-08 1.179693561108307440e-08 8.969141920087146144e-09 1.003271736159805948e-08 9.475582290895136120e-09 1.945565423079797908e-19 1.008434388131155303e-08 1.154980903998359919e-08 1.043503234427600283e-08 1.165051856466267711e-08
1.042172614083568602e-08 9.727352753966871151e-09 1.060714757457175926e-08 7.622714575074791443e-09 1.120120065243855238e-08 3.419826257811454842e-19 1.135086974066651504e-08 1.009604133666145354e-08 1.255970841054325169e-08 1.109678638118681899e-08
1.426137886689930681e-08 1.238811230385689261e-08 1.258263078641468242e-08 1.027932376034506028e-08 1.232338174677581110e-08 8.920753119789680083e-20 9.506193075225951805e-09 1.010782619138671165e-08 1.082428844631489381e-08 1.241931939181634103e-08
1.226369756378984713e-08 1.166970715596557668e-08 9.221755193379138357e-09 9.807815705747762119e-09 1.147027055821435068e-08 2.832039683135393413e-20 7.265711144608310293e-09 1.167765171334202315e-08 1.021097045016360897e-08 9.687721498861557303e-09
1.262861833662382285e-08 1.104008160219612925e-08 1.046811012679366567e-08 1.229178776988430638e-08 1.284722399504353982e-08 2.432937817482292080e-19 9.073789377456431281e-09 1.126025006555727949e-08 1.017304432928287899e-08 9.383925011648856111e-09
9.785193664714902159e-09 1.166281658902393304e-08 1.258590371249630527e-08 9.841712270461273447e-09 1.254417687559511285e-08 2.966648692441748755e-21 8.389590625649050546e-09 1.176456943060494467e-08 9.176705544884805744e-09 1.166618355294955549e-08
1.193192430020398565e-08 1.015965918121560200e-08 1.219987342407392812e-08 1.270037290078940426e-08 1.029770886490059131e-08 1.329863917524280778e-20 9.626743607954536143e-09 1.355634521934706130e-08 1.113180610830535600e-08 1.282114589574723086e-08
1.290014076941772978e-08 1.547962702683064925e-08 1.148523955310456538e-08 1.121952429222078931e-08 9.477249205723932133e-09 1.193818954286203401e-21 1.307478285147835113e-08 8.299780214107463724e-09 1.071010523634434749e-08 1.153012672166337588e-08
1.200645752183253596e-08 1.041901188134596812e-08 9.929479909333202816e-09 1.311331453169672796e-08 1.207248057758906481e-08 7.273652927998528923e-20 8.024168914988273306e-09 1.050986887693440185e-08 1.132558775628266679e-08 9.944818467172904703e-09
1.075864205035263683e-08 9.612669805817151375e-09 1.321555263049344949e-08 1.386558030950118852e-08 1.103949416321805500e-08 2.226495679516066317e-19 9.443227448461719806e-09 1.236450399734080716e-08 1.320678680202232948e-08 1.107149694580277549e-08
1.063249385818988210e-08 8.768392394890201463e-09 1.229473785703484377e-08 8.518331943950877492e-09 1.077169189973781170e-08 1.105560341850280199e-19 1.248633608757645497e-08 7.598546510507026924e-09 1.358454582131186480e-08 1.081484512455700863e-08
9.288250760147476097e-09 1.035044713217268397e-08 1.022196657376731328e-08 1.227754229482551097e-08 1.095834866864507524e-08 8.631699959498848572e-21 1.216171405319923085e-08 9.491453494732326311e-09 1.462436630556223385e-08 1.162142139971354963e-08
9.392004271248454630e-09 1.232353966608068364e-08 1.112736908149747303e-08 1.113350555565624219e-08 1.033988600217723731e-08 4.134246453153524153e-20 9.202535845810550091e-09 1.167659053383390002e-08 9.539145945797677268e-09 1.141092014985096084e-08
1.124305667810835741e-08 1.087285729317202108e-08 9.814301834070884182e-09 9.094403960582456548e-09 1.342715337536361096e-08 9.902160719197872202e-20 1.029925983812222347e-08 1.245088604155706115e-08 1.155575060353580102e-08 1.189459600660877131e-08
1.111683991968378157e-08 1.148290288316417773e-08 1.090272804797868020e-08 1.269156577521995616e-08 1.159366690280863799e-08 1.530980551884311061e-20 1.140138657850501179e-08 9.436762270733323294e-09 1.363797045989713408e-08 1.068724979957083080e-08
1.211919757414551140e-08 1.079107820901897415e-08 1.308033881544549604e-08 1.092433875858772000e-08 1.042476320296314922e-08 2.231028406005557528e-20 1.446426791256460124e-08 1.121756328922596063e-08 1.241086877359656587e-08 1.221948524534456474e-08
1.000244933444104631e-08 9.432716801141031017e-09 1.301544268432577930e-08 8.276718713806001696e-09 7.781182109885581376e-09 3.578485272072524856e-20 8.431864913746910245e-09 1.318622095887280566e-08 1.237333993547514290e-08 9.354143496269934907e-09
1.349683581769893107e-08 1.454316152100504740e-08 1.008359143191611207e-08 1.051271429197714330e-08 1.196107360265503206e-08 1.396634167799301935e-19 7.680681246519278140e-09 1.151320444754584950e-08 1.183969013556728002e-08 1.267979721413198695e-08
9.426546413605759509e-09 1.087465639743569652e-08 9.836618826989877605e-09 8.663573018367125523e-09 1.022109625920088323e-08 3.522164964155405117e-20 1.013674751102699978e-08 1.179977719219012451e-08 9.121575786041204074e-09 1.307268741982078300e-08
1.105006388419221639e-08 8.554378390740280376e-09 1.076471251735136747e-08 7.223472818348355469e-09 9.451330134402103261e-09 8.049216817062585231e-21 9.631776381141032800e-09 9.846810671175703365e-09 1.199984405227491113e-08 9.512620320426049254e-09
1.027716162192354057e-08 1.145619321445879834e-08 1.106695894574047488e-08 1.116813601219954405e-08 9.894830309882526062e-09 1.953509516704551932e-20 1.185998099814404383e-08 9.327074536993208079e-09 1.005887230804561352e-08 1.099307898233226743e-08
1.356613385837667046e-08 9.727576640813591224e-09 1.330232476470290780e-08 1.065800798181712699e-08 1.092806271944061923e-08 1.948315917262802873e-19 1.128442930440488717e-08 1.023787081568970603e-08 1.337160322756799071e-08 1.296324319181234770e-08
1.112417325892292699e-08 9.365264794911904374e-09 1.058785877060117044e-08 1.293843317347161191e-08 1.286916656307026459e-08 1.127656177282221262e-21 1.367554801284393878e-08 1.103413651743566392e-08 8.882951740426773616e-09 9.710498736765034030e-09
6.469113425091366300e-09 1.189957782458286492e-08 1.344504832014390376e-08 9.113588615265063299e-09 1.217117203143104563e-08 1.172764763784654657e-20 1.178482455307518998e-08 1.284691807173375073e-08 1.147369287149987291e-08 8.924456678186912440e-09
1.199150551595026432e-08 1.228617388851186334e-08 1.121487407103637283e-08 1.141339573514429341e-08 1.179572467941186843e-08 5.398253205405155022e-21 7.654134944612985684e-09 9.710862133230916480e-09 1.184583632597794770e-08 1.036851124641561195e-08
7.568608899831274228e-09 1.204712847305607208e-08 1.015905934502633510e-08 1.039616996335434262e-08 1.071729196839966711e-08 7.795280899679522841e-20 1.234390673366157365e-08 9.413758852317221596e-09 1.074401936743058198e-08 1.030762999205358016e-08
1.224394231560784942e-08 1.244226961601217990e-08 1.023144368794707842e-08 9.599393451646166492e-09 1.030596318852162785e-08 1.357422592762926770e-20 1.052492167115857758e-08 1.259838124119963008e-08 1.109546996083359723e-08 1.017308398461091002e-08
1.292009300459154632e-08 1.269388911019516030e-08 1.235721866225036335e-08 1.333516958075978335e-08 8.387744402360181192e-09 1.166494726760605199e-19 1.089238279076009192e-08 1.034547677092648490e-08 1.185308978014812273e-08 1.082403191837464776e-08
1.330002649867017828e-08 9.637519651462121060e-09 1.226197788720690616e-08 1.151578320759020175e-08 1.106458557323223560e-08 3.845005875473935995e-19 1.001286890045196781e-08 1.420571927638292460e-08 1.167024829211992446e-08 1.175050373680168013e-08
8.509025572645067840e-09 9.276933357952298069e-09 9.247158017129240334e-09 1.152508109577869551e-08 9.300749748227266423e-09 1.876918159959332984e-19 1.175421516054977765e-08 1.075507328114813154e-08 8.387416109151416311e-09 1.338069537428675783e-08
9.232007577785112059e-09 1.359394755254759865e-08 1.237963418502455828e-08 1.252049648031779159e-08 1.215419404963881555e-08 4.699788311242804328e-20 1.147317620313854773e-08 1.311863753819691449e-08 9.000274050527812400e-09 1.098713475457452401e-08
7.032339591584125908e-09 7.230249838957018345e-09 9.770436167900090884e-09 1.086515285213153353e-08 1.177967493460641038e-08 9.626413216291574319e-20 8.256550503390136610e-09 1.307380674218357888e-08 8.908960530467870619e-09 1.206436989294613972e-08
1.085813102189496367e-08 1.230520039009511206e-08 1.100250037807153681e-08 1.153738269122911006e-08 1.287406406373535367e-08 2.905939209411209391e-20 1.198502898194493895e-08 1.295836366673128158e-08 9.332722262701957082e-09 1.034733018192339309e-08
1.114287208532079976e-08 1.291171345457680412e-08 1.145892259696590189e-08 8.652138695265484386e-09 1.483119427808382617e-08 2.168568067262253307e-20 1.179237148725298458e-08 1.007013588659397859e-08 1.232069432060070992e-08 1.281442667695916544e-08
1.201477695153497053e-08 1.091532870095974229e-08 1.130885182253786718e-08 8.889615538866854938e-09 1.329027348148390251e-08 1.079078714019312006e-21 1.231598917624747804e-08 9.222320498937816765e-09 1.177443643804825865e-08 7.321184770922144766e-09
1.115624241019323282e-08 1.120840260432269315e-08 1.141446124999921695e-08 9.553124581125456899e-09 9.343991440800120964e-09 1.338306288352622118e-19 1.509299199748002304e-08 1.198581791703742132e-08 1.073985034509469488e-08 1.224252222590718502e-08
8.115057183286145947e-09 1.033761328126324290e-08 1.034269058506009674e-08 1.042962587705889972e-08 1.090653288987786164e-08 2.973922564018018575e-21 1.493566063346310518e-08 1.171872229337885072e-08 1.255090976142454005e-08 9.615021029669091350e-09
1.038622465822392640e-08 8.477153040182281377e-09 1.559237487448325851e-08 1.217806837194891764e-08 1.220639320282456356e-08 3.819044420719934818e-20 9.649012442930913568e-09 1.300482869332188435e-08 9.475280323081823662e-09 9.017731014556304574e-09
1.078981758516464220e-08 1.048909062844687155e-08 1.255938761686621895e-08 8.209124713361480827e-09 1.069571683794730038e-08 1.551164800236262167e-19 1.104361484545714556e-08 9.773260139224991758e-09 1.110239731010068758e-08 7.366375993434040805e-09
1.136580876579593536e-08 1.245103364545691407e-08 9.989445327737058995e-09 1.214369992905544003e-08 1.067164385153239113e-08 3.750659274722854450e-21 1.276605975595446293e-08 1.262509646175225527e-08 1.278161491948515542e-08 1.235083824566316627e-08
1.033171524716947449e-08 1.060030655099513458e-08 8.809557134718242930e-09 1.136670716275528413e-08 9.836206692858829908e-09 1.163615989775515117e-19 8.953322979907081037e-09 8.365099444262759874e-09 1.182420796576348976e-08 1.183776969612350829e-08
9.644836001253923429e-09 1.011570345159959028e-08 1.232765241186985119e-08 1.281355441945428384e-08 1.203346713585949646e-08 8.940192118593058446e-20 1.003581468174910367e-08 1.320594491889918597e-08 1.215822880926575683e-08 1.102447371103390490e-08
9.325788343544449030e-09 1.046438415689763360e-08 1.264662534598365055e-08 1.077035706552430272e-08 1.125354958592621150e-08 2.122788942708511751e-19 1.020347298727230824e-08 8.974114128377714497e-09 9.695597180328915704e-09 1.062296070455555258e-08
7.581991146908284402e-09 1.031889992452349391e-08 1.085149584819090216e-08 1.234756977433050206e-08 1.369017288412948714e-08 4.611308620242306640e-21 1.055439586697427659e-08 1.388497252029843925e-08 8.954719988355841248e-09 1.228263250892452295e-08
1.262215986038873763e-08 7.476902359382806493e-09 1.114463984825377876e-08 1.174002915283712836e-08 1.328459399192788103e-08 1.397993592459747734e-19 6.609407137458871284e-09 9.272877645020865309e-09 1.120807448264968724e-08 1.193305800782041566e-08
1.146667693273447725e-08 1.051859268975891899e-08 1.148436337221070900e-08 1.070842058648006615e-08 9.963238305243798473e-09 3.614265275558661264e-20 1.164244176747699490e-08 1.415804692034074864e-08 1.222432726859819165e-08 1.248612409911854803e-08
1.574244626933848390e-08 1.391597358482809493e-08 1.106759013090250016e-08 9.751480361255940447e-09 1.259888548100244637e-08 2.619687790282855930e-20 1.108344998322977027e-08 1.346488973937681774e-08 7.163690908302360088e-09 1.138704956214512044e-08
1.274198306545092777e-08 1.271532498194325379e-08 8.121170856636204788e-09 9.558379441218053043e-09 1.123311034887232122e-08 2.627728844625356781e-20 1.183504820990589174e-08 1.059172742576174007e-08 1.025334758772807832e-08 8.692698739795461137e-09
1.107365710966091896e-08 1.185551499566091789e-08 1.172164204905209723e-08 1.195785726665878749e-08 1.042334933225186367e-08 4.531732242279994585e-20 1.096850967611544737e-08 9.980260462419590981e-09 1.399834827173567277e-08 1.266017440855956725e-08
1.160876149026597678e-08 1.340980600468469274e-08 1.186457215184188056e-08 1.055116129392120663e-08 9.904684592919764486e-09 1.379036999116775396e-19 1.275893860484341272e-08 1.160934508302768394e-08 1.263257633711081658e-08 9.991124340389937104e-09
1.050859772576690188e-08 9.537935823348114279e-09 1.120625028080997552e-08 8.649548766005545110e-09 1.082673282136641185e-08 3.938253268634265334e-20 1.108193321299062977e-08 1.193253884121391033e-08 1.254236140297099136e-08 1.290953229205584269e-08
1.183423270207567080e-08 1.134031584599863942e-08 9.502118272529619030e-09 8.485038332958720515e-09 9.303570720214532871e-09 9.450177482322223956e-20 1.133814492182336900e-08 1.262099105793355438e-08 8.675276144476373519e-09 1.037287948412212350e-08
1.193953698922905396e-08 9.397972770964505103e-09 1.208456664119764720e-08 1.101903669621192412e-08 1.009537964072795532e-08 1.962149272863379236e-20 1.065704912306720012e-08 1.186278289451828602e-08 9.718122926450391350e-09 9.151321844539300560e-09
9.997301845632153396e-09 1.072223070200546043e-08 1.360023046384980680e-08 1.389145189061043322e-08 9.513533510573676274e-09 1.309970419989373926e-19 1.132450124325841133e-08 1.432585995378712192e-08 1.383290424677868964e-08 1.031980049308636326e-08
1.024970196848779366e-08 8.796630070479810407e-09 9.730008944478373021e-09 1.339388474420616512e-08 1.020877364666495710e-08 6.941529678558019216e-20 1.249215138532187747e-08 1.164540063995570684e-08 1.004268356141794643e-08 1.109321382740500237e-08
1.413772638853080438e-08 1.283404640751687068e-08 1.308936157208772170e-08 9.484231916456867702e-09 1.331036141701582729e-08 1.871872732874608603e-20 1.338744243945554057e-08 1.023352581525084830e-08 1.419158736040582683e-08 1.100152285654312681e-08
1.120898882998921082e-08 1.198707183992671260e-08 1.039634313651956026e-08 8.867202966044559562e-09 9.664384568712498718e-09 1.867194872927038033e-19 1.317457458354443177e-08 1.009599677135136266e-08 9.314547658854554797e-09 9.398748620444029819e-09
1.015709557212387300e-08 1.228359657265178417e-08 8.205268835969925122e-09 1.160497181848353737e-08 9.678428051575763189e-09 2.075164260769497736e-21 1.100479440863898887e-08 1.141371564496992298e-08 1.205066134924475789e-08 1.285342587691372771e-08
1.242424008716162556e-08 1.052784773184885518e-08 1.031541732072142928e-08 1.302658256624368638e-08 1.151118285002532582e-08 5.814359414861742665e-20 1.167882809188443144e-08 1.140826901260870915e-08 1.068265541982637259e-08 1.134685164641348597e-08
1.225780303450914108e-08 1.221777506478297077e-08 1.224531190455864360e-08 1.234473886525979254e-08 1.251360012305274480e-08 1.317979643840669378e-20 8.229331919411302203e-09 9.917123295317140293e-09 1.236736158674144485e-08 1.055538978567778896e-08
9.236132893911198088e-09 9.309186714261353907e-09 1.279284505984317157e-08 1.316754282079685158e-08 1.136942105325526026e-08 1.217342065767914021e-20 9.344605755953431810e-09 8.879604579595181899e-09 1.210154423320488770e-08 1.034832752671091889e-08
1.014637514219740212e-08 1.150056738836787285e-08 1.184548366953330670e-08 1.111957801192191176e-08 1.148973014591712566e-08 4.830702977246007790e-21 9.707270729037797317e-09 1.022424983460992966e-08 1.000029833912279847e-08 9.866891539998315311e-09
1.542236796359303391e-08 1.212749232952204274e-08 1.092380016511736501e-08 1.028691894359317137e-08 8.956803013249102885e-09 1.271416609068605813e-19 1.148583739036755178e-08 1.249420289489684428e-08 1.128593617377157065e-08 7.911619315324663398e-09
1.064620041329951662e-08 1.251047074352829890e-08 1.129759646734853763e-08 9.991281214244806424e-09 9.580695006437761699e-09 2.109558202933932551e-20 1.127909903707545572e-08 1.324513732993931712e-08 1.152866422806746807e-08 1.358829793501202546e-08
1.013211608070121783e-08 1.203977101993059962e-08 1.066102137166565324e-08 1.027932645475933546e-08 7.647812018887656506e-09 5.127780776991406862e-20 9.906798916629664899e-09 1.106745002527554449e-08 1.416856892657574896e-08 1.136456794637286093e-08
1.133305072965058775e-08 1.036899024482306146e-08 1.161551447833281483e-08 1.122150391452343554e-08 8.347054807258228135e-09 7.552810412865525919e-21 1.082469226002649244e-08 1.321476192066231798e-08 1.047156911513810271e-08 1.060107315104847732e-08
1.264157288837570975e-08 7.720106203613445612e-09 8.958060301534717069e-09 1.246858239571529036e-08 9.918674193955503126e-09 2.657559611160542912e-20 1.098613190021332882e-08 1.029385209142778361e-08 1.226949128377334846e-08 1.073354316331935436e-08
1.255662858435843840e-08 1.058694031564788477e-08 8.583616909023636812e-09 8.257102922874545411e-09 9.144347068811239863e-09 9.614666507415525540e-21 1.145128842901216592e-08 1.243483050917285470e-08 1.080474668449523739e-08 1.126545174808992370e-08
9.608539934416163735e-09 1.391052003892897629e-08 9.887244388111008771e-09 7.904934357183532632e-09 1.388738551033766755e-08 1.921142776361092621e-20 1.000135620277819932e-08 1.140622164177995888e-08 9.818667915429130431e-09 1.259035294835722402e-08
1.315687031822823502e-08 1.031565972360635519e-08 1.480356262208806091e-08 1.261821366291341963e-08 1.080199063101573597e-08 5.409359307511661321e-21 1.248701229369537019e-08 8.845887921436421243e-09 1.168286057991362913e-08 8.637136136317065576e-09
9.826862832550382818e-09 1.093606598378054393e-08 1.172025195121193223e-08 1.157897756962573613e-08 9.998689089908089701e-09 1.137856552746194479e-21 1.159433046620616863e-08 9.963649094462215783e-09 1.055481433071719281e-08 1.136082487763425423e-08
1.048032506914270515e-08 7.914338021998324906e-09 1.064798345837409790e-08 1.122935196685027096e-08 9.908124214929729936e-09 3.337245275088084202e-20 1.257647347847804257e-08 1.184616128656803852e-08 1.240577580504747600e-08 1.383327874397670326e-08
1.242701421994438561e-08 1.253860491042031555e-08 1.085903874911989945e-08 8.903906632131415513e-09 1.101294557662400818e-08 2.790390043012123713e-20 9.117058460225265387e-09 9.868057628745553232e-09 1.121394371021224507e-08 9.150265721846109179e-09
1.134908694561763186e-08 1.022433019361004016e-08 8.843324132249973054e-09 8.924136086623154172e-09 1.160532712096880559e-08 1.976762404122792653e-20 1.030378599634676056e-08 9.933342449073884763e-09 9.225162530333151870e-09 1.093688598016248572e-08
1.128880074222814139e-08 8.663174665884387158e-09 8.816790769516452164e-09 1.277437610776206919e-08 1.209416358878428108e-08 1.301575317869903811e-19 1.232702855732362071e-08 1.316670102205003318e-08 1.340631843816061601e-08 1.211356129613829831e-08
8.521595636555118281e-09 1.052488045823560611e-08 1.325626602810291717e-08 1.203705318857334118e-08 1.226851627876562041e-08 1.850541847104702433e-19 1.206591440635416935e-08 1.129610386476111898e-08 1.019814532168577529e-08 9.830647892755443747e-09
1.252330208754871764e-08 9.112852850317967089e-09 1.003948655574316480e-08 1.011772694845956784e-08 9.839260591464298425e-09 2.869170155529975580e-20 1.203933509986369263e-08 8.728601117838618267e-09 1.318654590728522953e-08 1.250132107504311424e-08
9.635284604901651931e-09 9.390208034875054799e-09 1.043105569733810677e-08 1.032560363916437850e-08 9.635895106363833680e-09 1.423669572588956581e-19 1.070958512724712064e-08 1.107292100133237348e-08 1.014752765816429259e-08 1.206788948944292920e-08
1.373008152050134627e-08 1.275692715512236272e-08 9.215111879853590413e-09 1.048732611840222713e-08 9.853482173269768163e-09 5.339770268070056980e-20 1.190099123947508443e-08 9.081837802448280350e-09 1.134683912539670694e-08 1.148884385852901813e-08
9.880788922665762720e-09 1.093698379859464369e-08 8.746349204522336872e-09 1.235578409174404656e-08 1.076803273217867550e-08 6.704485292084497569e-21 1.084710425913321094e-08 1.025689044196670424e-08 1.171783601868211082e-08 1.249276103224000926e-08
1.044536715833566841e-08 1.033645985823785620e-08 1.034427795155187514e-08 1.044456071884038095e-08 8.173241207787960646e-09 1.677527044410142141e-20 1.263157703303147357e-08 1.054169604943772820e-08 1.438698834146049223e-08 9.942740061921858815e-09
9.101007871909056351e-09 9.008915908995340474e-09 1.029516276301700908e-08 1.217594590675732472e-08 1.199865701717208121e-08 7.409865960183524567e-20 1.308064507341479644e-08 1.326708564565741159e-08 1.030558813307445034e-08 1.155325170954507543e-08
1.001393878139277384e-08 1.138989113862850555e-08 1.383450983151584807e-08 1.024807650203749449e-08 1.059651535804711481e-08 3.461165437524761363e-20 1.033027515123033658e-08 1.105671962675625802e-08 8.275675568403500492e-09 1.310798813495961250e-08
1.223200356232943003e-08 1.073492976362564143e-08 1.014459763199969371e-08 1.042696458363370711e-08 1.026592442847201640e-08 3.228356737095791572e-20 9.271268403710659730e-09 1.016706374516186588e-08 1.231114347652889035e-08 1.429139187671630794e-08
1.129751388642462136e-08 7.184930262765446192e-09 1.047683690728152310e-08 1.025867041605374785e-08 1.252648153203746490e-08 9.912692218274833532e-20 1.158107483291472290e-08 1.173607361441417007e-08 1.047515604029311205e-08 1.138285487210315533e-08
1.174481322070688867e-08 1.176770773374650336e-08 1.011831513027449067e-08 8.081293791118931398e-09 1.260970176182711126e-08 3.424710723978992176e-20 1.156920157291029052e-08 1.290466766943500341e-08 1.085605346962060773e-08 1.257540251791926923e-08
9.892917280530021021e-09 9.643912807400962482e-09 1.136429372133254235e-08 1.215036214033937755e-08 1.257368248622184808e-08 2.402104995496833529e-19 1.470390076546672679e-08 1.120646520224937767e-08 1.120110267271188912e-08 9.564831494242802265e-09
1.132917129201498740e-08 1.254723518425457600e-08 1.147177109332786183e-08 1.209243131000726598e-08 1.263593208414778301e-08 1.033368900580008765e-19 1.020011922800253564e-08 1.087189349353917229e-08 1.038803566295581302e-08 1.277803869369410219e-08
1.042063565998747298e-08 9.778974017885096778e-09 1.207396407217662495e-08 1.249415077220993360e-08 1.327033949908313124e-08 2.663875549654044713e-21 9.058594756492521714e-09 1.353621941456299614e-08 1.084919203833287645e-08 1.055621156471340149e-08
1.052022025096886917e-08 1.164032636908439443e-08 1.101232654960393134e-08 1.226022952798100447e-08 1.226339884050524137e-08 1.412523649009743447e-21 1.254105294140188678e-08 1.138115989979233216e-08 1.325394510576985258e-08 9.267831564123512474e-09
1.158904406804098987e-08 9.211284876246319609e-09 1.223094438649353616e-08 9.513583050829151248e-09 1.210195926945845530e-08 2.431766095425414654e-20 9.845615707749387842e-09 1.136106956696453779e-08 1.362662967522216336e-08 1.114561418093422021e-08
9.801795862780459235e-09 1.148421164332383944e-08 1.121940929438119290e-08 1.567146094045909602e-08 9.389755280619985221e-09 7.253276697914511791e-20 1.126228345459411684e-08 1.181861969688235894e-08 1.261263769749215431e-08 1.157135402771298759e-08
