2.096491472739506026e-07 2.191744489774170050e-07
2.092961767417591134e-07 2.101674519317877522e-07
2.040553532408982281e-07 2.136567857336609287e-07
2.198323715406962045e-07 1.902096592598375617e-07
2.191224055726436997e-07 1.976818387188225241e-07
2.029017345845296686e-07 2.063966219179554594e-07
2.137286888903025673e-07 2.160415804528731351e-07
2.153965485910441401e-07 2.151275203103561259e-07
2.155645340804218231e-07 2.148387802138848238e-07
2.135292443611414083e-07 2.132372925596344227e-07
2.105689612291693715e-07 2.119144566499771781e-07
2.296062925034735237e-07 1.945676656988700778e-07
2.174379032727677536e-07 2.198727054642562585e-07
2.030562056293109544e-07 2.033529394920320670e-07
2.174215921461596927e-07 2.059957248737341969e-07
1.963357619599245176e-07 2.107257934986121059e-07
2.060576614025422362e-07 2.034674335702658984e-07
2.272718932728894326e-07 2.115797737733684140e-07
2.022942345297892505e-07 2.041603320210244791e-07
2.193695190324547428e-07 2.188065101328210704e-07
2.284585381963775076e-07 2.040919269654861324e-07
1.919372106672968977e-07 2.204417912516311142e-07
2.236493641595532570e-07 2.113907587510195780e-07
1.979665289519546242e-07 2.145636580528006904e-07
2.133969423633407282e-07 2.093181541489101373e-07
2.090380017189230777e-07 2.197806562656245798e-07
2.071531124696292233e-07 2.267448304883239721e-07
2.154302455954934700e-07 2.254114608818558551e-07
2.096916198282676902e-07 1.943090083428950826e-07
2.171232665695229211e-07 2.121380935979389639e-07
2.169185471126510240e-07 2.040490361284642737e-07
2.187266411340201388e-07 2.240684169879664898e-07
1.965928695794848524e-07 2.219480823971731166e-07
2.127693095183079309e-07 1.956120842517559054e-07
1.915074146793382529e-07 2.185911501126577807e-07
2.197742774683417934e-07 2.067744746968787233e-07
2.011651164257813461e-07 2.200848304343094672e-07
2.182664047971413701e-07 2.113951482119227487e-07
2.198633879176805664e-07 2.125576159260467709e-07
2.121918640766051384e-07 2.123754290592083064e-07
2.143181392287471784e-07 1.998660976459519634e-07
2.133163422031897299e-07 2.087648944860813873e-07
2.104990047880324164e-07 2.029742935133347677e-07
2.151034743187066444e-07 2.052386222614322004e-07
2.091855741722131746e-07 2.117863646160021548e-07
2.144792334897147413e-07 2.201337994398430765e-07
2.064527798580694903e-07 2.167769757490732145e-07
2.169376415881842593e-07 2.201115255770921795e-07
2.101502962795428698e-07 2.038340251327095839e-07
2.088057710434421628e-07 2.122020974817204925e-07
2.093019014002662549e-07 2.071672095831482849e-07
2.327301120015006804e-07 2.057175571458210602e-07
2.176330972417586435e-07 2.227561607416005703e-07
2.031619016540242756e-07 2.158439072649937187e-07
2.152969959425114876e-07 2.141514143358838107e-07
2.082680372476659729e-07 2.191544224466295150e-07
2.008117942671229893e-07 2.101909961730798186e-07
2.075755891501993994e-07 2.213453936789302300e-07
1.985064923409859530e-07 2.139959753064072017e-07
2.076581438131076183e-07 2.212374797267395002e-07
2.041382936588977202e-07 2.080217335916357508e-07
2.147528570138451255e-07 1.970373174866048155e-07
2.151036222231415360e-07 2.134728845974831158e-07
2.187561200610815199e-07 2.206766999674484792e-07
1.956056032571413892e-07 2.010280142282175591e-07
2.134990519931493049e-07 2.130461034359460638e-07
2.096767728579645946e-07 2.073883456744379253e-07
2.037359486221132366e-07 2.204090601974030180e-07
2.276061438032939618e-07 2.181666625630977778e-07
2.093687929260454380e-07 2.263671493574121853e-07
2.176292990604487135e-07 2.268272713008235135e-07
2.191222010762409951e-07 2.175586895477171856e-07
2.018308699777271437e-07 2.125560170884699408e-07
2.022003926261895310e-07 2.121209456655807648e-07
2.277819374777543797e-07 2.091554821951599882e-07
2.218618240817330696e-07 2.007775554167785913e-07
2.135231099441399251e-07 2.145351126609513671e-07
2.093998563106617372e-07 2.160393981262270279e-07
2.142985838981396610e-07 2.035932293999160965e-07
2.076522199954314380e-07 2.082347914193942499e-07
2.073911531470593786e-07 2.232734701271796953e-07
2.235825386112532690e-07 2.150530264713035332e-07
2.175976001344287268e-07 2.184248850694474953e-07
2.232533470480954924e-07 2.078676362726823475e-07
2.078064553370959363e-07 2.058205269179469707e-07
2.174946394955513488e-07 1.982290288447829267e-07
2.115223017281776147e-07 2.049057090366331147e-07
2.123293131916256588e-07 2.174460441205622769e-07
2.146645358404315737e-07 2.110685551968986280e-07
2.129989686373005255e-07 2.177073752166394385e-07
2.168876118205336486e-07 2.140939538685848266e-07
2.143871200241727697e-07 2.125876004190844555e-07
2.074815330495827987e-07 2.072057058375210829e-07
2.265363967915312109e-07 2.252509609187893933e-07
2.184238038470714850e-07 2.188651436291486082e-07
2.190567328455661588e-07 2.066691962712497337e-07
2.122178904417087027e-07 2.186723941642059006e-07
1.969774972986399221e-07 1.972187500514521234e-07
2.202326736217425807e-07 2.063562296124849269e-07
1.972428990638054226e-07 2.195517155283489286e-07
2.202052310882626559e-07 1.993544832814850937e-07
1.996494097720542438e-07 2.209590585651912693e-07
2.178914860638426118e-07 2.167473909404774239e-07
1.932367333444839944e-07 2.159878390506589625e-07
2.174731272018960357e-07 2.044737580660676739e-07
2.174035552631553022e-07 2.186909923887006733e-07
2.030764133504047196e-07 2.078241168245940313e-07
2.078090574630815412e-07 2.146829444342616683e-07
2.197312627493699904e-07 2.147193623587248272e-07
2.167370907360512753e-07 2.161072614909353840e-07
1.986551332754756091e-07 2.030245861228539633e-07
2.139297507949040286e-07 2.150382236650950459e-07
2.212708415852567553e-07 2.315396682409107624e-07
2.091498457934172278e-07 1.970777211208995603e-07
2.089293263327399748e-07 2.157004687203176218e-07
2.150238993018868151e-07 1.935367789722266766e-07
2.090921427650637850e-07 2.109629496651057101e-07
2.245058654242165451e-07 2.080175908472769972e-07
2.038206781692909487e-07 2.070577474032460048e-07
2.080745122638259530e-07 2.118631199667482736e-07
2.173825756664154287e-07 2.226060943490888782e-07
2.293472046600413659e-07 2.049697881812028867e-07
2.109448605321478228e-07 2.078239933873913619e-07
2.123809508830447697e-07 2.190788535287282048e-07
2.034692807290555153e-07 2.061934568525492082e-07
2.005395305694986946e-07 2.137489737390247041e-07
2.170441295651875376e-07 2.091275167339031304e-07
2.195565257804328470e-07 2.152787616805230631e-07
1.891858237184330210e-07 2.166016114920364773e-07
2.147181678158777000e-07 2.183995620907931932e-07
2.065804500632546524e-07 2.109464667111527273e-07
2.067484946478267443e-07 2.039408335192626056e-07
2.036578142381303924e-07 2.092785251419185984e-07
2.178401864041453961e-07 2.056485684547381729e-07
2.074110851302178897e-07 2.036036611205875170e-07
2.195116876749627733e-07 2.118329457940662837e-07
2.179365644231648040e-07 1.997896264126691158e-07
2.057747735428916046e-07 2.224034976378424769e-07
2.183676812201303845e-07 2.206560717862855775e-07
2.084313733952788289e-07 2.166488625363187354e-07
2.144545070672374574e-07 2.188520882196033582e-07
2.107493436031208933e-07 2.060315684559703519e-07
2.031125647206954226e-07 2.161591015741487558e-07
2.130129949300907558e-07 2.096585579490346856e-07
2.165224751584845900e-07 2.136404090365381432e-07
2.124323202786540158e-07 2.169993866782278508e-07
2.088618269414587362e-07 2.131789338413990411e-07
1.990116214873647953e-07 2.047823610713734839e-07
2.068788911825047471e-07 2.102378462290777612e-07
2.114189128655674514e-07 2.145124025406738733e-07
