1.979955574661611970e-07 1.979562681997284320e-07 2.072931054806021127e-07 2.197384685895252258e-07 2.130084452678712283e-07 2.392309734527693268e-07 2.281146522189150661e-07 2.000734371190068764e-07
2.181418721083135517e-07 2.237076848970555887e-07 2.202594539639573382e-07 2.144412307721571354e-07 1.944540717599482937e-07 2.392309734527693268e-07 2.150321619023651540e-07 2.245352635795642613e-07
2.025178735569301482e-07 2.070512789205421671e-07 2.158194755851153360e-07 2.119688532245706489e-07 2.029397206986600978e-07 2.392309734527693268e-07 2.177134712191911097e-07 2.168405985425349790e-07
2.000151113594026576e-07 2.161206369409742843e-07 2.155188508406452841e-07 2.173486204292105675e-07 2.222529936484275169e-07 2.392309734527693268e-07 2.152053964148075795e-07 2.042419003887020609e-07
2.000527319163943859e-07 2.066607102761545588e-07 2.251142449416935097e-07 2.078708099608812603e-07 2.046574990856590534e-07 2.392309734527693268e-07 2.108407107796934925e-07 2.242512063900442134e-07
1.912196271064251482e-07 2.013794505968217811e-07 2.188035686949139558e-07 2.094220668324012823e-07 2.179283488201420958e-07 2.392309734527693268e-07 2.109169871732512069e-07 2.234951848449052894e-07
2.097481017175091447e-07 1.896118607671850695e-07 2.126062904155632424e-07 2.242754891197671122e-07 2.122138919546093859e-07 2.392309734527693268e-07 2.238435119404109732e-07 2.204900442218277763e-07
2.196286389438878275e-07 2.255572785955985907e-07 2.019563453922926615e-07 2.070843679767367578e-07 2.052511194360052574e-07 2.392309734527693268e-07 2.168905768016741776e-07 2.144475650692379017e-07
2.054937009264980287e-07 2.127441012506641920e-07 2.134844041907091678e-07 2.190578453891368576e-07 2.125016901436164145e-07 2.392309734527693268e-07 2.044972266947220310e-07 2.103371068671218160e-07
2.143934653230020372e-07 2.237519185279878210e-07 2.149540467571582402e-07 1.993631467928286985e-07 2.225394176323155304e-07 2.392309734527693268e-07 2.195597560991764974e-07 2.124937878895523254e-07
2.162811187258948818e-07 2.060213948791360937e-07 2.043801317461787788e-07 2.055894834788491199e-07 2.172040254924262322e-07 2.392309734527693268e-07 2.108003148902673708e-07 2.150903892978163183e-07
1.979506194720687110e-07 2.139388880742995446e-07 2.164582952272501549e-07 2.225685862955848720e-07 2.014496885300959564e-07 2.392309734527693268e-07 1.932551818279163803e-07 2.122338851499665211e-07
2.105066983381224599e-07 1.937511396517660187e-07 2.234101855849754020e-07 2.045187330388317398e-07 2.144094063382310437e-07 2.392309734527693268e-07 2.093010510933148163e-07 2.147710599793530331e-07
2.182609094684836650e-07 2.229072934834575571e-07 2.123914398762251868e-07 1.999495320553298168e-07 2.114581656229658953e-07 2.392309734527693268e-07 2.118851181738727550e-07 2.022369160520492740e-07
2.011401192922586282e-07 2.079044857730478941e-07 2.140907521526097754e-07 2.251906524344820326e-07 2.149231673586191073e-07 2.392309734527693268e-07 2.063114361383827044e-07 2.070819811376266130e-07
2.155212702953750411e-07 2.088991171517396238e-07 2.146693972555138005e-07 2.144899363669034282e-07 2.230771680847430328e-07 2.392309734527693268e-07 2.174397600122170703e-07 2.210754109433873036e-07
2.172990069750363688e-07 2.042136514911191353e-07 1.993294388489775215e-07 2.204512113908609358e-07 2.043144187500834023e-07 2.392309734527693268e-07 2.266480762491527464e-07 2.109088453908668406e-07
2.152546148303052974e-07 2.091491119655706236e-07 2.197540069670274649e-07 2.140449497893422567e-07 1.938174704828735038e-07 2.392309734527693268e-07 2.077957708139459108e-07 2.239410320884196421e-07
2.193698583322422143e-07 2.015703202619367007e-07 2.197870975223586168e-07 2.034616739719452970e-07 2.237631532807540888e-07 2.392309734527693268e-07 2.226650153015386111e-07 2.117423121420347839e-07
2.022068045595736645e-07 2.017507275246668256e-07 2.204657743141081770e-07 2.157520578557891572e-07 1.955704460055050261e-07 2.392309734527693268e-07 2.092891106781022489e-07 2.072586579985790163e-07
2.004097450876663821e-07 2.070710731020159486e-07 2.240016329785662434e-07 1.984755042310615724e-07 2.135729257144001827e-07 2.392309734527693268e-07 2.250886056230740028e-07 2.093879162642753466e-07
2.147740230474810063e-07 2.144315543678692354e-07 2.077542433979026242e-07 2.135750036142265134e-07 2.294620819208075545e-07 2.392309734527693268e-07 2.269979980717599678e-07 2.130885802883559771e-07
2.128226587104348848e-07 2.153484130427421226e-07 2.117750535362275571e-07 2.221193867012886757e-07 2.150484926225962343e-07 2.392309734527693268e-07 1.988119771387765179e-07 2.233326972720095083e-07
2.145896231764782294e-07 2.097094633592845366e-07 2.259417475304151099e-07 2.046431746738081027e-07 2.284149924360058636e-07 2.392309734527693268e-07 2.198321872758019441e-07 1.997757824842924425e-07
1.839209904926657683e-07 2.215506169907939795e-07 2.182886617493641899e-07 2.293286362758782386e-07 2.009035133615444103e-07 2.392309734527693268e-07 1.972316375384056492e-07 2.097580896181751500e-07
2.083076444716084308e-07 2.099940403997909025e-07 2.045110848438157947e-07 2.242010996222917059e-07 2.104011431948484368e-07 2.392309734527693268e-07 2.039264941409956629e-07 2.225994155131534079e-07
2.104383264706366645e-07 2.088058773587910607e-07 2.040995429654556053e-07 2.127221364785442677e-07 2.165326773619357924e-07 2.392309734527693268e-07 2.195216280734690429e-07 1.936935201439169259e-07
1.975220155292651638e-07 2.233304004128477202e-07 1.966281860655991733e-07 2.155624276447945356e-07 2.100205762519259642e-07 2.392309734527693268e-07 2.126086730136234130e-07 2.153305011883529437e-07
2.205804163735542691e-07 1.998718145417752879e-07 2.104968827047766267e-07 2.114619626463501285e-07 2.204286504125626922e-07 2.392309734527693268e-07 2.077801668092381172e-07 2.024755656205051058e-07
2.139242065750000410e-07 2.144920874941691168e-07 2.024967703919135713e-07 2.167465580435766819e-07 2.234520911153570934e-07 2.392309734527693268e-07 2.113070307364965808e-07 2.196807174408046537e-07
2.025679479156878635e-07 2.180481684705505410e-07 2.157461843749988342e-07 2.018614275007055511e-07 2.093343343044900879e-07 2.392309734527693268e-07 2.160327454495689714e-07 2.097915953555476549e-07
2.081799366248647895e-07 2.215304592835588075e-07 2.178451189426558011e-07 2.260925822318749557e-07 2.195790677074788845e-07 2.392309734527693268e-07 2.045662156799881165e-07 2.094298185661702337e-07
2.186673258122247069e-07 2.120866572792914442e-07 2.211797393067524579e-07 2.071976918536410129e-07 2.147997677367390861e-07 2.392309734527693268e-07 2.023007681117345628e-07 2.092295453074132626e-07
2.208020682459201635e-07 2.056932261285788737e-07 2.026769035600622357e-07 2.164667415560769071e-07 2.181173097921386506e-07 2.392309734527693268e-07 2.205860013196243533e-07 2.284245742327201306e-07
2.101007886777349452e-07 2.117482032891551509e-07 2.110388940762693618e-07 2.177946379441820470e-07 2.192306439928281904e-07 2.392309734527693268e-07 2.021069603045978240e-07 1.992607711903318930e-07
2.093551996303502907e-07 2.181109930881964200e-07 2.190881394455262119e-07 2.180424018312383636e-07 2.150613373020377355e-07 2.392309734527693268e-07 2.089265368798610720e-07 2.123112098372449702e-07
2.207550486115608146e-07 2.036634124540111959e-07 2.183850600321615356e-07 2.132538590468678448e-07 2.125083572194128048e-07 2.392309734527693268e-07 2.175722518977810154e-07 2.118312468897070280e-07
2.169778648648151421e-07 2.175698475307080262e-07 2.119939438695022339e-07 2.031296916485750175e-07 2.131027110877941805e-07 2.392309734527693268e-07 2.218512685071913763e-07 2.252531893788432242e-07
2.065274424653029604e-07 1.975614264944926083e-07 1.946767128089177659e-07 2.237587669378079167e-07 2.073394223042911304e-07 2.392309734527693268e-07 2.062176219593952052e-07 2.031044548844886872e-07
2.095245378601599526e-07 2.087826341003700624e-07 2.149092564473992139e-07 2.033997319871329761e-07 2.212603711822882200e-07 2.392309734527693268e-07 2.227390483522742619e-07 2.090299366199851230e-07
2.221501479426490617e-07 2.315647258897917306e-07 2.090627368627545596e-07 2.184754182798193823e-07 2.101360027490202805e-07 2.392309734527693268e-07 2.166408400389605669e-07 2.090486817620262449e-07
2.181070640625175458e-07 2.211286142174107759e-07 2.262339822530417230e-07 2.102125868394852333e-07 2.011348488693187136e-07 2.392309734527693268e-07 2.192175096608574781e-07 2.151365000611280009e-07
2.183980995061140541e-07 2.060735191004706526e-07 1.906730910958546840e-07 2.149294641832164764e-07 2.079049715738109642e-07 2.392309734527693268e-07 2.262823086805385032e-07 2.188327032817256128e-07
2.096791697310987656e-07 2.036554541355393654e-07 2.208514795352121547e-07 2.286550430803851759e-07 2.182138435170305362e-07 2.392309734527693268e-07 2.019869864830645272e-07 1.932694727922897107e-07
2.105448463504663481e-07 2.124475962684087412e-07 2.144397617616168608e-07 2.216963352971552776e-07 2.228833395624217345e-07 2.392309734527693268e-07 2.212195470448078472e-07 2.310571208724335207e-07
2.099566339641521639e-07 2.111369658946460708e-07 2.073906654861184385e-07 2.122171437921358581e-07 1.983248012827827338e-07 2.392309734527693268e-07 2.090536681189916654e-07 2.157998845431047834e-07
2.029084286034723790e-07 2.014945555682480065e-07 2.292217053288942656e-07 1.884937447459908020e-07 2.193932403586033179e-07 2.392309734527693268e-07 2.117906215078712097e-07 2.168526661976286113e-07
2.086657360088221582e-07 2.184897117979491914e-07 2.096035199956064479e-07 2.119794422206637927e-07 2.169680606599402771e-07 2.392309734527693268e-07 2.107156938587641058e-07 2.148795580145988383e-07
2.283127722664238716e-07 2.168768154727100902e-07 2.108899726999461876e-07 2.204148703443941833e-07 2.057192820609796567e-07 2.392309734527693268e-07 2.097841244578192111e-07 2.022449706880707960e-07
2.001982355374748132e-07 1.996216213480429667e-07 2.226881328023037489e-07 2.209710225910119989e-07 1.959378157626202191e-07 2.392309734527693268e-07 2.245827411254853439e-07 1.963596511180889633e-07
2.110553266500891555e-07 1.986676679703772223e-07 2.166557456526819847e-07 2.258821172986967041e-07 2.129181905992664420e-07 2.392309734527693268e-07 2.117520634572595591e-07 2.193283254304016385e-07
2.197448307943221453e-07 2.163532784418714735e-07 1.980657535834044234e-07 2.042278780744441656e-07 2.253281176295698827e-07 2.392309734527693268e-07 2.106444704345026508e-07 2.166342360371968053e-07
2.141663440974260379e-07 2.141795830124684298e-07 2.207266309240925601e-07 2.094262189835647408e-07 2.115515324987735614e-07 2.392309734527693268e-07 2.175828216628466481e-07 1.995059035601555459e-07
2.190368017012884852e-07 2.154219612888458839e-07 2.176008581792582495e-07 2.099006966599174701e-07 2.062835330800166576e-07 2.392309734527693268e-07 2.096260699904530814e-07 2.217062454751678832e-07
2.154852892379134658e-07 2.085624433494471256e-07 2.022148797912510357e-07 2.089118199268900919e-07 2.039758992237278749e-07 2.392309734527693268e-07 2.070873425043064794e-07 2.122857577625184262e-07
2.219231293957619695e-07 2.167021348789361919e-07 2.128109289967105139e-07 2.066063935645167678e-07 2.055186977812332986e-07 2.392309734527693268e-07 2.033628118471420774e-07 2.102239600679023474e-07
2.170253636372461194e-07 2.084755701207515036e-07 2.245260593158336620e-07 2.137243861616635561e-07 2.021331185326860557e-07 2.392309734527693268e-07 2.073898563875344214e-07 2.133480495480088281e-07
2.015656826155298209e-07 2.157286431987934853e-07 2.115188002515803183e-07 2.199017491037734164e-07 2.009794546123873194e-07 2.392309734527693268e-07 2.188311150343764909e-07 2.005501668811826679e-07
2.034929374355374503e-07 2.169933594727960778e-07 2.069406539111782347e-07 2.141034747933970678e-07 2.097318776980792840e-07 2.392309734527693268e-07 2.063543469067669619e-07 2.150781486853204572e-07
2.138785156444443912e-07 2.083578091405295561e-07 2.076512993099715321e-07 2.185242078948789681e-07 2.221244156284146511e-07 2.392309734527693268e-07 2.085790222670927600e-07 2.228426108245545395e-07
2.104881119872137808e-07 2.137550989193637198e-07 2.256369789742741807e-07 2.170984663791177586e-07 2.210020903999201655e-07 2.392309734527693268e-07 2.143171956940929879e-07 2.112329315072487087e-07
2.227159269924268311e-07 2.146884742901363878e-07 2.104928460112914801e-07 2.063209503877155829e-07 2.211194672990687349e-07 2.392309734527693268e-07 2.059364979845396421e-07 2.049207545616705583e-07
2.112311471365302211e-07 2.180565319406333680e-07 2.173012155328246797e-07 2.123674063751062134e-07 2.250606406041708108e-07 2.392309734527693268e-07 2.163608508356322009e-07 2.020010986874569642e-07
2.141033502127504769e-07 2.210278967828333611e-07 2.131236870393783228e-07 2.174249949454252021e-07 2.164091164792995883e-07 2.392309734527693268e-07 2.130582757194448701e-07 2.303908704054979849e-07
2.215227194618167666e-07 2.124803311830381723e-07 2.130548288084142890e-07 2.162550439274937686e-07 2.130235122720996651e-07 2.392309734527693268e-07 2.072944796920551872e-07 2.151163421236960083e-07
2.011220242545671235e-07 2.293161285676557274e-07 2.018905015559133158e-07 2.249602431120858901e-07 1.977770190369967589e-07 2.392309734527693268e-07 2.140319819056853244e-07 1.956777170979976020e-07
2.229277464794466162e-07 2.242353296737585653e-07 2.161748344980425039e-07 2.133569812507290910e-07 2.147711869414413314e-07 2.392309734527693268e-07 2.239724576494658000e-07 2.073924230451274349e-07
2.178405143261774943e-07 2.182068454433619890e-07 2.178066750701309648e-07 2.109885371679628736e-07 2.184696943558482277e-07 2.392309734527693268e-07 2.071044676875156258e-07 2.235576202746331422e-07
1.953153490192852405e-07 1.912943031061097557e-07 2.114700858770703677e-07 2.258627120944370034e-07 2.203940400557588762e-07 2.392309734527693268e-07 2.116045079823173236e-07 2.130881538125028893e-07
2.196436213221807667e-07 2.265223849585206530e-07 2.186954804302706958e-07 2.100288787765291954e-07 2.241042276304030095e-07 2.392309734527693268e-07 2.134330076913127973e-07 2.007910651241332462e-07
2.130095991132607466e-07 2.110107037502761526e-07 2.215036847094791257e-07 2.202106895958013033e-07 2.204069123003157114e-07 2.392309734527693268e-07 2.227977210195905764e-07 2.238324776296812476e-07
2.101372045497592399e-07 2.194941447039354786e-07 2.167829879422610983e-07 2.117432956899271856e-07 2.242000265088917277e-07 2.392309734527693268e-07 2.045709442810144510e-07 2.180971850360417616e-07
2.044710781362617899e-07 2.145490698095607488e-07 2.131121912109494667e-07 2.259010998852658381e-07 2.105616648410230915e-07 2.392309734527693268e-07 2.054507547721009573e-07 2.087901851351300926e-07
2.182103476929477358e-07 2.020156521151463028e-07 2.227781242934239767e-07 2.126445455941395610e-07 2.096905772442115057e-07 2.392309734527693268e-07 2.131239531063275542e-07 2.211364439058347897e-07
2.024914830389531807e-07 2.281628341798187251e-07 2.201805140222481032e-07 2.127733630274782406e-07 2.111818468994669753e-07 2.392309734527693268e-07 2.205318176624469751e-07 2.139954988805284529e-07
2.090514387123525755e-07 2.164871968308273221e-07 2.025312469925325293e-07 2.067636703443100043e-07 2.105440320157787873e-07 2.392309734527693268e-07 2.081564142081221039e-07 2.068263043445142859e-07
2.117005779504011408e-07 1.896500474853637945e-07 2.218898396437484102e-07 2.282030363209969462e-07 2.122745009215254180e-07 2.392309734527693268e-07 2.201120227229278566e-07 2.037180902922138271e-07
2.194026866833436401e-07 2.123702049404617275e-07 2.119726261839334244e-07 1.935358479118697138e-07 2.095912206377995746e-07 2.392309734527693268e-07 2.024589354394948261e-07 2.062476114628547749e-07
2.113824725029981260e-07 2.104613735034730197e-07 2.230592446561731283e-07 2.107448670988783574e-07 2.145013721320615113e-07 2.392309734527693268e-07 2.062520248691870880e-07 2.078168212503580310e-07
2.151411882991527415e-07 2.054618220264604423e-07 2.155618100695119512e-07 2.112552470515669596e-07 2.116350037046683477e-07 2.392309734527693268e-07 2.153405818498235878e-07 2.188429165500695844e-07
2.100026243625892254e-07 2.177451840328157250e-07 2.195028131354640604e-07 2.064044879513446242e-07 2.177563018946000291e-07 2.392309734527693268e-07 2.204478908821449919e-07 2.320908703244006371e-07
2.048878740689572906e-07 2.050501327189280041e-07 2.180845969638095951e-07 2.152897757334640620e-07 2.061658044921936916e-07 2.392309734527693268e-07 2.082339437912651074e-07 2.188330864691840490e-07
2.225832813700244526e-07 2.229711792707751840e-07 2.131508963513866888e-07 2.162890179426264858e-07 2.012762129242874706e-07 2.392309734527693268e-07 2.111049551724423346e-07 2.068234054375827645e-07
2.228444511076166758e-07 2.173749659155814225e-07 2.036980365416181188e-07 2.139361718894629475e-07 2.149638968289647138e-07 2.392309734527693268e-07 2.189590684348945652e-07 2.048297071130998735e-07
2.217614993956053416e-07 2.147608385765504666e-07 1.923384554114392869e-07 2.034419551716373815e-07 1.964960968130260755e-07 2.392309734527693268e-07 2.113849597032937524e-07 2.109383738286788640e-07
2.075303472483251464e-07 2.169529406096651900e-07 2.082225726794635263e-07 2.176957444398515210e-07 2.114530868133885093e-07 2.392309734527693268e-07 1.987775297461620637e-07 2.074899579235153802e-07
2.095081633037755102e-07 2.168244581869698477e-07 2.156024731934421510e-07 2.224291296021052485e-07 2.266829546090860772e-07 2.392309734527693268e-07 2.015739872957633727e-07 2.212390162098469518e-07
2.195859463522326766e-07 2.195226035128563892e-07 2.109799989029000574e-07 2.125095992781759857e-07 2.245676195294478406e-07 2.392309734527693268e-07 2.138608984776372325e-07 2.175848977541555690e-07
2.192727950637734596e-07 2.229285225924455586e-07 2.186644473425708407e-07 2.169272228940292787e-07 2.063835408956581203e-07 2.392309734527693268e-07 2.022630959633904355e-07 2.065074807504658229e-07
2.078840409945080770e-07 2.144266548060276394e-07 2.052184896678425503e-07 2.245559788722226107e-07 1.991891271288344874e-07 2.392309734527693268e-07 2.033340694297596342e-07 2.008469112816116873e-07
2.151348499360510628e-07 2.132883407130434917e-07 2.131582152587780360e-07 2.142480506191798369e-07 2.089337108689415241e-07 2.392309734527693268e-07 2.202587045123024130e-07 2.163200453776809519e-07
2.148133115711943345e-07 1.994951058509925461e-07 2.142580120501826282e-07 2.190438735878129415e-07 2.118922479442235442e-07 2.392309734527693268e-07 2.177057903006348728e-07 1.984579053631519449e-07
2.035524886687057429e-07 2.067919292171119055e-07 2.066818131552667846e-07 2.177256891213657497e-07 2.141311220163338320e-07 2.392309734527693268e-07 2.125249669899392784e-07 1.961539161256060761e-07
2.097601152952088365e-07 2.220889189814615673e-07 2.155918328541971935e-07 2.140829837113363003e-07 2.100874391038165119e-07 2.392309734527693268e-07 2.151838922942874180e-07 2.146126510083925567e-07
2.142129787999008710e-07 2.024276438422968087e-07 2.025268627025632989e-07 2.173431056208299927e-07 2.088207137471544274e-07 2.392309734527693268e-07 2.176125803346599543e-07 2.234246778320146529e-07
2.009317854669573291e-07 2.044544023022017561e-07 2.220608579077220934e-07 2.087845691506790332e-07 2.237373776526576841e-07 2.392309734527693268e-07 2.010727825676773453e-07 2.086291493925147694e-07
2.189206219584391743e-07 2.106255803540175606e-07 2.128184275020206327e-07 2.155059549757270729e-07 2.159848035992472607e-07 2.392309734527693268e-07 2.133758576509205489e-07 2.237898665627833125e-07
2.160662394864358187e-07 1.959105136501851043e-07 2.025360138357847488e-07 2.016279355891690790e-07 2.091437554712662301e-07 2.392309734527693268e-07 2.187249204359411458e-07 2.143944789898910831e-07
2.115944412431787324e-07 2.062899935570738005e-07 2.192837137354839073e-07 2.007005170710202317e-07 2.143704583124983272e-07 2.392309734527693268e-07 2.114978550929438756e-07 2.074124642021443537e-07
2.033205533273717402e-07 2.163999739833510550e-07 2.068989196947439963e-07 2.144520697131136823e-07 2.136700641281193721e-07 2.392309734527693268e-07 2.123446991474745572e-07 2.209641255835101937e-07
2.164967938169412546e-07 2.099205768774902549e-07 2.148489714374877207e-07 2.095940508763151013e-07 2.140558009129630639e-07 2.392309734527693268e-07 2.125376836481259028e-07 2.095090406422905649e-07
2.045576899858830956e-07 2.058486102373915654e-07 2.180573671018934441e-07 2.149669640302942891e-07 2.173281010507313920e-07 2.392309734527693268e-07 2.127248542782275530e-07 2.143050300399459036e-07
2.178833419424724764e-07 2.175709259795675332e-07 2.100248352969412036e-07 2.296152138076097444e-07 2.132738409221368008e-07 2.392309734527693268e-07 2.142888888359179540e-07 2.180971498645903871e-07
2.047654112850655531e-07 2.043658914490515458e-07 2.193807637154103384e-07 2.268157517153084789e-07 2.222239592661982640e-07 2.392309734527693268e-07 2.140898220297679103e-07 1.981139735471987731e-07
2.285732052475858186e-07 2.198978114009360087e-07 2.016556107535534952e-07 2.072235220151036725e-07 2.193135860676133013e-07 2.392309734527693268e-07 2.084099395693909941e-07 2.138123440040070345e-07
2.053935373410978988e-07 2.067797552057971770e-07 2.007952791679381771e-07 1.939251018871375289e-07 2.249561718457003041e-07 2.392309734527693268e-07 1.980717903428267727e-07 2.163044763219189830e-07
2.196404391539750829e-07 2.096885691966342691e-07 2.177292847789314204e-07 2.172282182465366037e-07 2.042749857747295991e-07 2.392309734527693268e-07 2.184209000284374921e-07 2.024146691916648882e-07
2.025846505122656591e-07 2.235763097502288594e-07 2.176282010398760707e-07 2.144470875517628593e-07 2.123835286126431676e-07 2.392309734527693268e-07 2.028682408923197069e-07 2.090299271184462679e-07
1.843693405535402833e-07 2.211993002378612220e-07 2.178796674430764224e-07 2.209599925104146544e-07 2.082746233662574032e-07 2.392309734527693268e-07 2.062704804155654821e-07 2.206741861983716166e-07
2.204017908189019737e-07 2.151911575098413317e-07 2.243627749154720806e-07 2.229318552589215913e-07 2.068411813121411839e-07 2.392309734527693268e-07 2.168072560892015088e-07 2.209930895288257813e-07
2.056619969188650115e-07 2.168304508837137433e-07 2.161691580728359651e-07 2.051992784945068733e-07 2.117743357932157281e-07 2.392309734527693268e-07 2.080464299514909595e-07 2.240216543641702035e-07
2.194379965932932377e-07 2.045598167942848118e-07 2.065004293333957917e-07 2.089188220349692348e-07 2.190991401112998649e-07 2.392309734527693268e-07 2.027138733139754866e-07 2.129767670254462366e-07
2.140301464077588203e-07 2.053834404832823919e-07 2.089394796460980771e-07 2.129056207181495907e-07 2.074579667589688240e-07 2.392309734527693268e-07 1.950820476367467325e-07 2.071714736776670861e-07
1.940794141434678664e-07 2.032128718374335922e-07 2.204825524902241489e-07 2.048217130247655730e-07 2.136465365848767182e-07 2.392309734527693268e-07 2.204366841507678105e-07 2.006954188338454837e-07
2.163020813854273372e-07 2.076294390493722438e-07 2.148370441532592901e-07 2.023940757562383869e-07 2.060988126616975105e-07 2.392309734527693268e-07 2.009484496197484060e-07 2.133953319566865461e-07
2.159109552831104153e-07 2.122248111491374736e-07 2.085697983210768675e-07 2.197632348410605005e-07 2.111372203844509408e-07 2.392309734527693268e-07 2.224792494232383753e-07 2.137844903170943090e-07
2.086817076294011570e-07 2.111682104643382433e-07 2.093392690404194485e-07 2.039801887232091690e-07 2.234947993613638058e-07 2.392309734527693268e-07 2.072048856785081071e-07 2.171335697923720473e-07
2.275965828844103826e-07 2.145823902500800130e-07 2.078530466085144878e-07 2.160427206055687764e-07 2.164669757845798488e-07 2.392309734527693268e-07 2.023462461995160662e-07 2.192492603747620217e-07
2.082364040789015912e-07 2.050548043378402119e-07 2.147730474463180963e-07 2.142122785163390708e-07 2.115693558878106725e-07 2.392309734527693268e-07 2.177048720778940649e-07 2.259079878777357404e-07
2.121002218778616719e-07 1.983443872948781028e-07 2.033260549007844812e-07 2.195004280768188648e-07 2.211053208730078112e-07 2.392309734527693268e-07 2.139743529938861865e-07 2.270610911744686271e-07
1.979180985718104466e-07 2.087050027587053531e-07 2.237437549086413089e-07 2.045667616290523415e-07 1.941066400274332763e-07 2.392309734527693268e-07 2.138101079313188114e-07 2.145020574963083334e-07
2.149125702226361668e-07 2.103988576847392253e-07 2.238330081696884852e-07 2.143665510829813187e-07 2.243108041476026972e-07 2.392309734527693268e-07 2.153843414122339793e-07 2.196749344856294647e-07
2.264515918022987753e-07 2.105036348071221437e-07 2.104477042572009633e-07 2.232755582990765125e-07 2.165696265555690222e-07 2.392309734527693268e-07 2.275101390434711387e-07 2.188088126858460883e-07
2.001332496946774878e-07 2.094108520048584096e-07 2.134811960037781116e-07 2.150952903105750604e-07 2.051621120242449983e-07 2.392309734527693268e-07 2.096196830074248875e-07 2.007727638734788853e-07
2.048588236479606846e-07 2.255309090113384596e-07 2.237246124651973986e-07 2.038588667460981086e-07 2.092026368342854724e-07 2.392309734527693268e-07 2.295356843437795349e-07 2.014550809995427104e-07
2.158934624604271996e-07 2.062776870734249902e-07 2.214408672248857368e-07 1.981273638478699791e-07 2.105353757033309583e-07 2.392309734527693268e-07 2.253349687779560758e-07 2.204747079008241350e-07
2.207949131898619999e-07 2.209558559132338794e-07 2.078682462025720698e-07 2.081100045516133622e-07 2.231451547535352074e-07 2.392309734527693268e-07 2.083396842284916010e-07 2.068475758111250176e-07
2.276836917243663835e-07 2.067092920181510181e-07 2.088945309648784785e-07 2.119930312692959849e-07 2.145618562735369484e-07 2.392309734527693268e-07 2.100383834291934779e-07 2.158460721555124523e-07
2.007644022261780589e-07 2.225132734564233195e-07 2.044065890228758485e-07 2.167229615753698060e-07 2.087814774787198658e-07 2.392309734527693268e-07 2.197056508477420691e-07 2.121845120358950796e-07
1.960513195813383842e-07 2.197479027094451028e-07 2.231087873713126001e-07 2.062735401865678842e-07 2.177015029371121413e-07 2.392309734527693268e-07 2.126716947235561521e-07 2.266530389553513785e-07
2.223923146331707845e-07 2.260135901429373092e-07 2.042139066865384228e-07 2.163682167918909022e-07 2.083053116179602466e-07 2.392309734527693268e-07 2.261812580293172546e-07 2.104092565772009840e-07
2.136887718121740657e-07 2.207844973887954581e-07 2.001510607944359957e-07 2.045598054939383237e-07 2.123010243401675026e-07 2.392309734527693268e-07 2.155761015613776436e-07 2.163336337228718425e-07
2.270585488070336924e-07 2.075277627433789455e-07 2.121273991577279861e-07 2.142177868242857294e-07 2.262597911795973209e-07 2.392309734527693268e-07 2.156555991862153595e-07 2.090158799228964554e-07
2.073857890242318430e-07 2.258760652607502532e-07 2.199116828322760471e-07 2.157676538768765273e-07 2.095021799325856370e-07 2.392309734527693268e-07 2.226271040560604577e-07 2.020781323329280672e-07
2.074305319276110517e-07 2.085942236666353210e-07 2.051741503313801964e-07 2.253628043227384075e-07 2.125945022002732895e-07 2.392309734527693268e-07 2.084951191104896478e-07 2.114150468711666090e-07
2.240839466864616519e-07 2.204541679915394351e-07 2.096628714265696549e-07 2.166990668090549826e-07 2.125157993460810465e-07 2.392309734527693268e-07 1.887782277026481620e-07 2.060009026139140033e-07
2.160102792963199906e-07 2.245973577173487163e-07 2.058152329302051653e-07 2.040900788797495566e-07 2.013023209125655382e-07 2.392309734527693268e-07 2.104533159509557799e-07 2.122275218243043492e-07
2.128672653598888985e-07 2.026714271132795552e-07 2.110456130788000525e-07 2.150172192392126386e-07 2.092022445832313728e-07 2.392309734527693268e-07 2.065449493006917741e-07 2.210491316612459665e-07
2.120375554019177254e-07 2.160003287593775315e-07 2.135212517949944795e-07 2.143152128842417002e-07 2.123826761552219566e-07 2.392309734527693268e-07 2.133078814228884369e-07 2.122852588097478350e-07
1.929225688752355522e-07 2.115672636083389624e-07 2.191407142656088708e-07 2.166120854196207557e-07 2.072804328487588490e-07 2.392309734527693268e-07 2.098507316888703441e-07 2.215405730629867443e-07
2.227923845894483130e-07 2.236450899978917324e-07 2.099025045008976162e-07 2.135970927971620227e-07 2.169758581916090282e-07 2.392309734527693268e-07 2.085979060590913239e-07 2.149787676936911424e-07
1.915641254716466434e-07 2.094644608907933194e-07 2.174154780067539547e-07 2.237709084565178132e-07 2.182696386162995499e-07 2.392309734527693268e-07 2.191811508811740633e-07 2.154656401334063090e-07
2.134286771308685933e-07 2.247356198234894572e-07 2.067028633015065135e-07 2.125692488458064192e-07 2.088472616685284938e-07 2.392309734527693268e-07 2.213466967686175345e-07 2.075643438634226296e-07
2.069635151151759275e-07 2.165480680714145089e-07 2.018064445897538859e-07 2.133964536595237973e-07 2.152410072129396232e-07 2.392309734527693268e-07 2.230859176225327474e-07 2.066109215578869226e-07
2.268969176415085422e-07 2.191014235673393297e-07 2.172382630863324871e-07 1.998608916595911673e-07 1.962478456439868595e-07 2.392309734527693268e-07 2.082481613558600625e-07 2.077694150219169071e-07
2.148705776757338940e-07 2.118843667437437619e-07 2.020154864985250416e-07 2.212164413651589198e-07 2.247715578207628064e-07 2.392309734527693268e-07 2.080159241184560657e-07 2.128432149049159537e-07
2.246122606363467266e-07 2.168469935675436636e-07 2.121020724722351606e-07 2.178466182660928286e-07 2.150841490211714893e-07 2.392309734527693268e-07 2.204018262534140148e-07 2.125246945931506575e-07
2.172296658896197482e-07 2.253845563115028584e-07 2.056970174679466085e-07 2.053967138383713611e-07 1.913368027584985335e-07 2.392309734527693268e-07 2.119764750791021778e-07 2.005173328026495671e-07
2.051969543772822915e-07 2.261191589371403970e-07 2.065616173543039100e-07 2.168765619180374290e-07 1.983229899092646514e-07 2.392309734527693268e-07 2.233422173842162447e-07 2.208641641071825939e-07
2.165735968101280472e-07 1.976273325156801302e-07 2.108981304524386340e-07 2.167389883347072154e-07 2.167528724053320735e-07 2.392309734527693268e-07 2.129909453288035691e-07 2.305324904143996396e-07
