1.988018801283335355e-07 2.100976314260649488e-07 2.242629636244984654e-07 2.104656412423374445e-07 2.031513165919897902e-07 2.416103906910638898e-07 2.105376780394422734e-07 2.085763605484844953e-07 2.038529194222993035e-07 1.996310646644078428e-07
2.114778705085176206e-07 2.136952007875575955e-07 2.011551127160586642e-07 2.176252711350097679e-07 2.209059567738104219e-07 2.416103906910638898e-07 2.073884651069925663e-07 2.048019250756002605e-07 2.238139279067168423e-07 2.141174157840275471e-07
2.154889305199098974e-07 2.105211215601891027e-07 1.902646460410058474e-07 2.216886438641789284e-07 2.141550688229594861e-07 2.416103906910638898e-07 2.254417045431884644e-07 2.167253555022239339e-07 2.167608708562177452e-07 2.067655601310103266e-07
2.203829589320595194e-07 2.108259676704884880e-07 2.076986344156267935e-07 2.045899965616471322e-07 2.183248392448180811e-07 2.416103906910638898e-07 2.215647102977353294e-07 1.978917020291396411e-07 2.091145384714488986e-07 2.240724965650757388e-07
2.204186865326044266e-07 2.087070910178767659e-07 2.120925668397496345e-07 2.062781556441906279e-07 2.208767616439129970e-07 2.416103906910638898e-07 2.205815309116976115e-07 2.187129810060492363e-07 2.033496132650530239e-07 2.035126579308144357e-07
2.054740554008973771e-07 2.301041384473487031e-07 2.075957226573424588e-07 2.197795823952907078e-07 2.238517232593738889e-07 2.416103906910638898e-07 1.949877353145507311e-07 2.028652425280757441e-07 2.236323938070358363e-07 2.170406349578545958e-07
2.213868068599328687e-07 2.221590711619917594e-07 2.023554237397435325e-07 1.976023091166313885e-07 2.237388777569870383e-07 2.416103906910638898e-07 2.140535370832294112e-07 2.127419517190230229e-07 2.124971112762328553e-07 2.014608432759589860e-07
2.162871575211424969e-07 2.161096633891261048e-07 2.058587818959420493e-07 2.277953099978724341e-07 2.123700594254046332e-07 2.416103906910638898e-07 2.112224478255854284e-07 2.116358976197493379e-07 2.118752800684528283e-07 2.117901394184907564e-07
2.138475345301301554e-07 2.180128564446192029e-07 2.107677192461663942e-07 2.087587300800937117e-07 2.223494965507186677e-07 2.416103906910638898e-07 2.072483102298009024e-07 2.162147212153216527e-07 2.090866014826307773e-07 2.098871894454360214e-07
2.227627910335142388e-07 2.111812725229597009e-07 2.152024805208026192e-07 2.080837605023902778e-07 2.151397829024138766e-07 2.416103906910638898e-07 2.147385387415633888e-07 2.142223134991327936e-07 2.188345372233602606e-07 2.127904426296952021e-07
2.133589662303316649e-07 1.934337418772285836e-07 2.129326702969301912e-07 2.011307390449860876e-07 2.142827697461355965e-07 2.416103906910638898e-07 2.119817140550188862e-07 2.045330483656401264e-07 2.193377998477399688e-07 2.150266438874389193e-07
2.087504901971452679e-07 2.187115849185541657e-07 2.094770171441403104e-07 2.165591929196386085e-07 2.087335070406636231e-07 2.416103906910638898e-07 2.215708047507268328e-07 1.989203987973081411e-07 2.133885161526745889e-07 2.180693170150341240e-07
2.114365660512971656e-07 2.062818957041153645e-07 2.092386584122747469e-07 2.162631294494598227e-07 2.152076269160494536e-07 2.416103906910638898e-07 2.158032641593255954e-07 2.109282977813845983e-07 2.115699793674421625e-07 2.113504803535356876e-07
2.101976310367421440e-07 2.215985497667820049e-07 2.044573882451564484e-07 2.198070090656054120e-07 2.035847640418413601e-07 2.416103906910638898e-07 2.122220910776052565e-07 2.069199861511625104e-07 2.131588920616696781e-07 2.233400068220550660e-07
2.043560978106874664e-07 2.129991898365772894e-07 2.107607421501263271e-07 2.177837524766853540e-07 2.067501705044472984e-07 2.416103906910638898e-07 2.210400562787062823e-07 2.148400246945699461e-07 2.044287550750728693e-07 2.160220312435473373e-07
2.244064691081264938e-07 2.001108660549066092e-07 2.101823587489665140e-07 1.944174584754695110e-07 2.114953207068185261e-07 2.416103906910638898e-07 2.125242369024105983e-07 1.992145745198764942e-07 2.143247013675655096e-07 2.111230741962481712e-07
2.157665416476547107e-07 2.166221031320868692e-07 2.126627829998034190e-07 2.119237765798461916e-07 2.136638547161717301e-07 2.416103906910638898e-07 1.915605951420541656e-07 2.154696285527417626e-07 2.078246812770440728e-07 2.053386882026505048e-07
2.208006384248986760e-07 2.169484416392127550e-07 2.178601451300082183e-07 2.133417536968311453e-07 2.179225789253798584e-07 2.416103906910638898e-07 2.202082848477336620e-07 2.140707624189179005e-07 2.006725545989963520e-07 2.123676794951979998e-07
2.079791070981296968e-07 1.994739462686997547e-07 2.152136369407883909e-07 2.130802140105804291e-07 2.039039554904688359e-07 2.416103906910638898e-07 2.047911370399292038e-07 2.099039437006529780e-07 2.217615131885240216e-07 2.133955575806669942e-07
2.159561490295406342e-07 1.961630529353606804e-07 2.178161666625026802e-07 2.036630884711710140e-07 2.084407590747483872e-07 2.416103906910638898e-07 2.094450006649855363e-07 2.227505483354961272e-07 2.113402927737791944e-07 2.028445599350487786e-07
2.122949400115183016e-07 2.182878183911337726e-07 2.017887170077713291e-07 2.128226880427920043e-07 2.091942618105016942e-07 2.416103906910638898e-07 2.109489304987822888e-07 2.042695605969445711e-07 2.074603890287132136e-07 2.127903194427186120e-07
2.070848876021857305e-07 2.192759698149211384e-07 2.059504930916212804e-07 2.157689402532977636e-07 2.227675429553670381e-07 2.416103906910638898e-07 2.091752242880012711e-07 2.201606800225432649e-07 2.202899891292556486e-07 2.173015473291950077e-07
2.095589603954859741e-07 2.149410813205417202e-07 2.124861375874779465e-07 2.154639733754878105e-07 2.156333327362532892e-07 2.416103906910638898e-07 2.067338384471674581e-07 2.207133179486823381e-07 2.175856945251645586e-07 2.213087680504938496e-07
2.111358045155512315e-07 1.972724494458314065e-07 2.181341405167486403e-07 1.898784552813526979e-07 2.053787534858530491e-07 2.416103906910638898e-07 2.162553697868348071e-07 2.071682052787024222e-07 2.157340505228832726e-07 2.191241901044776478e-07
2.110698975932277240e-07 2.023893783845808255e-07 2.012587359547373760e-07 2.098677067611586320e-07 2.093323936920812472e-07 2.416103906910638898e-07 2.271993588130717668e-07 2.152918327716637629e-07 2.120120785980265933e-07 2.112537112132866589e-07
2.170028463929695256e-07 2.237998263400742882e-07 2.150547556757578299e-07 2.022223543495587278e-07 2.142070030576499537e-07 2.416103906910638898e-07 2.178770747617893148e-07 1.988822688256945063e-07 2.134066225752076122e-07 2.040791091732299462e-07
2.139467202081414525e-07 2.228480178392064358e-07 2.184328327820575336e-07 2.159661211618198000e-07 2.222613876052828968e-07 2.416103906910638898e-07 2.113789372725788151e-07 2.004152551268484614e-07 2.150540007524773238e-07 2.054295965928822177e-07
2.200965905188871528e-07 2.063223068390968154e-07 2.030390072935918052e-07 2.225551268473950576e-07 2.120036609491535500e-07 2.416103906910638898e-07 1.977006396783082908e-07 2.129645288020854185e-07 2.199898105196877728e-07 2.154207875872535030e-07
2.085336999404015476e-07 2.095420573631606442e-07 2.133760014930113130e-07 2.207408182058810517e-07 2.131065829811588372e-07 2.416103906910638898e-07 2.160594711289633376e-07 2.265580225383173735e-07 2.159968334481446198e-07 2.177083423069836159e-07
2.083500133777960476e-07 2.175789963684348519e-07 2.153868725837580149e-07 2.137792359374595677e-07 2.049262146181945824e-07 2.416103906910638898e-07 2.193890253195975132e-07 2.112349917735248000e-07 2.182276008046805507e-07 2.122210981606443940e-07
2.120833625709933770e-07 2.093285072996401215e-07 2.103647407818520691e-07 1.991790676461142617e-07 2.220801918976955417e-07 2.416103906910638898e-07 2.201591353015884032e-07 2.060598768857649122e-07 2.139204034199250326e-07 1.919743432671454524e-07
2.183643264304901228e-07 2.166396495116792464e-07 2.044445586104378383e-07 2.043175094988550077e-07 2.052066346314014818e-07 2.416103906910638898e-07 1.978612225460736562e-07 2.136817709281703988e-07 2.030814245604292315e-07 2.264632521094629366e-07
2.235154870942809806e-07 2.236859059625193332e-07 2.197924546735435460e-07 2.041652672369733931e-07 2.227529229708194716e-07 2.416103906910638898e-07 2.123589822321506511e-07 2.041593536100761737e-07 2.198604647618024808e-07 2.226134058896788026e-07
2.118341890502206498e-07 2.047525871170185194e-07 2.125525550378555547e-07 2.165329319421594442e-07 2.098730103787874422e-07 2.416103906910638898e-07 2.255325484271535935e-07 2.184437417218437083e-07 2.149404313813981766e-07 2.243427375592478767e-07
2.199199000283466535e-07 2.192464492316059037e-07 2.102219701439198297e-07 1.970899366952279732e-07 2.028874746070329721e-07 2.416103906910638898e-07 2.065088044097481816e-07 2.089858521569639751e-07 2.101195460889272353e-07 2.181684255788422570e-07
1.971801102411790773e-07 2.176355273367659091e-07 2.020349880723802938e-07 2.247310369522980469e-07 2.105224624229900616e-07 2.416103906910638898e-07 2.150605199631084081e-07 2.089324265164109653e-07 2.285784276475895744e-07 2.223889442567733552e-07
2.135582030836822568e-07 2.157029563117733281e-07 1.969239526570975696e-07 2.053821069664347280e-07 1.994450993590341966e-07 2.416103906910638898e-07 2.190101063006861491e-07 2.152909178427197846e-07 2.190555156825838701e-07 2.234734485120174034e-07
2.175441714453353448e-07 2.025687814740995792e-07 2.138726356656648479e-07 2.073117437593216710e-07 2.050429073011582219e-07 2.416103906910638898e-07 2.156370751863366287e-07 2.101036789600213818e-07 2.053337705311819749e-07 1.988885814107002734e-07
2.079544774971439328e-07 2.163098203425526886e-07 2.189081595926279895e-07 2.224926669276291234e-07 2.148484316322281390e-07 2.416103906910638898e-07 2.165501207706061723e-07 2.167635556203694932e-07 2.202875006019143771e-07 1.963490704952821831e-07
2.164596824024341199e-07 2.114279451396423725e-07 2.088341324973339969e-07 1.968785745764075771e-07 2.057857556360199921e-07 2.416103906910638898e-07 2.089312179719520424e-07 2.071757390746738237e-07 2.261960368833513850e-07 2.023282807482882221e-07
2.195565322391324176e-07 2.159360207326476876e-07 2.184014744002167118e-07 2.174940846734934348e-07 2.124534458311697435e-07 2.416103906910638898e-07 2.149905757695179077e-07 2.106881153207808341e-07 2.206011474945774640e-07 2.051942337646178880e-07
2.067131069657408497e-07 2.203748738314943153e-07 2.177637571940710596e-07 2.127182467532684431e-07 2.145721090118495366e-07 2.416103906910638898e-07 2.271371479872162993e-07 2.197380915982989607e-07 2.123377972617790628e-07 2.236514664452146172e-07
2.023231677200551132e-07 2.110716955664798106e-07 2.064787867871942221e-07 2.167409697476587127e-07 2.149685360069120090e-07 2.416103906910638898e-07 2.161950965765757396e-07 2.143118152311485787e-07 2.116146219615450860e-07 2.213139502820358156e-07
2.023494574047017255e-07 2.030062320513526754e-07 2.114418186575185599e-07 2.151811645417704644e-07 2.165015475044664461e-07 2.416103906910638898e-07 2.149678899971346937e-07 2.136835705519455130e-07 2.053389347249950694e-07 2.195049665245398317e-07
2.023988578858993407e-07 2.134092960591515305e-07 2.066178392577250234e-07 2.035124867830097689e-07 2.168752465264140961e-07 2.416103906910638898e-07 2.080217928935240129e-07 2.131326923860098559e-07 2.202306844472839009e-07 2.120506996527059776e-07
2.081314262560466609e-07 2.144451122778768030e-07 2.039168161201183309e-07 2.116407108999241090e-07 2.017674525919226456e-07 2.416103906910638898e-07 2.190566504821636601e-07 2.086767057090982624e-07 2.106245997445509302e-07 1.958774092448151822e-07
2.079874126435837931e-07 2.155050972593404227e-07 2.069302380655688242e-07 1.950202257123735328e-07 2.150493852993136528e-07 2.416103906910638898e-07 2.162943320849637352e-07 2.170328539080439410e-07 2.130323573252929674e-07 2.160694494454267691e-07
2.136484668636632262e-07 2.179473496506036061e-07 2.031098828923430614e-07 2.256449367807364322e-07 2.096700069891605952e-07 2.416103906910638898e-07 2.024446884505020074e-07 2.043003060503247631e-07 2.067068839951853609e-07 2.205688018878550788e-07
2.267216974878394902e-07 2.062059243075352193e-07 1.913214446775145154e-07 2.114856637001447953e-07 2.220538274106659966e-07 2.416103906910638898e-07 2.162262873117958476e-07 2.089654860654584231e-07 2.199571656528469964e-07 2.264666196179847893e-07
2.069934897092035407e-07 2.162270832746552816e-07 1.862700070767202328e-07 2.059839627669072249e-07 2.046093464455149653e-07 2.416103906910638898e-07 2.099687084874595122e-07 2.192939104367120782e-07 2.080757354838988929e-07 2.187621298779843271e-07
2.119756590170477546e-07 2.225518494350758543e-07 2.187864044608940202e-07 2.128504455502690015e-07 2.114493975448775946e-07 2.416103906910638898e-07 2.145842979749502248e-07 2.054150263248158586e-07 2.124279309347713320e-07 2.131734246634831065e-07
2.091589396299541962e-07 2.060346864855656381e-07 2.133062527451771347e-07 2.298909134407483323e-07 2.260642798269259847e-07 2.416103906910638898e-07 2.060626464735967904e-07 2.050104360182583783e-07 2.040042178103958850e-07 2.151847567527008392e-07
2.103594756452927151e-07 2.146692997656081208e-07 2.220706822846313019e-07 2.078120734087223369e-07 2.113374184797602184e-07 2.416103906910638898e-07 2.180365230674388035e-07 2.072787186358708584e-07 1.977056984064073345e-07 2.113482210775798025e-07
1.962759944390132936e-07 2.246094723538853507e-07 2.195936077656891751e-07 2.095234206027574376e-07 2.126227999817451164e-07 2.416103906910638898e-07 2.112561693794751810e-07 2.061731940640812899e-07 2.086233877327431911e-07 2.078462516679993827e-07
1.930804937075501466e-07 2.201020480453947025e-07 2.054742732587168849e-07 2.191235013979196809e-07 2.059437984944198442e-07 2.416103906910638898e-07 2.146637187573081552e-07 2.061069403979129189e-07 2.140858194159257686e-07 2.132655226026254137e-07
2.087355092182810683e-07 2.174278064446696831e-07 2.097792051682342871e-07 2.105368065769033793e-07 2.149433113772970465e-07 2.416103906910638898e-07 2.119630502590860435e-07 2.114518970898236652e-07 2.166085211403961217e-07 1.945329497728643197e-07
2.283398655059244466e-07 2.116426941361129401e-07 2.131879144206483360e-07 2.136040627229956375e-07 2.161941949568648499e-07 2.416103906910638898e-07 2.187849171426272193e-07 2.182235444773817036e-07 2.078248753642194487e-07 2.199836511772381478e-07
2.173862719698019445e-07 2.103051042868765956e-07 2.104267338677734951e-07 2.072503441241184742e-07 1.924330602233974416e-07 2.416103906910638898e-07 2.121946955704362249e-07 2.079344202605347639e-07 2.014990476403124472e-07 2.191556319940508862e-07
2.065324370434986720e-07 2.102587738892932217e-07 2.206868284326230117e-07 2.221742437627739440e-07 2.063043209542255905e-07 2.416103906910638898e-07 1.978987405477576523e-07 2.027941230613508400e-07 2.056336008774650991e-07 2.080898178738709517e-07
2.047496627659363140e-07 1.998545588695675937e-07 1.955297454021106070e-07 2.108072328365964268e-07 2.220789168884899683e-07 2.416103906910638898e-07 2.103046849237003293e-07 2.096083802775577765e-07 2.211033172307793706e-07 1.958879135263593385e-07
2.125245522886385950e-07 2.240381370075198044e-07 2.080659488390810566e-07 2.231158715721659180e-07 2.207757830261105828e-07 2.416103906910638898e-07 1.976405418364300985e-07 2.180180595992604472e-07 2.048694138662453178e-07 2.072475030980656905e-07
2.103277080764913123e-07 2.142110536629565067e-07 2.102647086326778762e-07 1.956482638020535196e-07 2.176648363750617136e-07 2.416103906910638898e-07 2.153722033385995410e-07 2.120768463137488893e-07 2.191160680959249427e-07 2.100398334412147206e-07
2.172726340742587286e-07 1.947395654590636066e-07 2.080704853430892879e-07 2.096239888941406923e-07 2.164015684007716561e-07 2.416103906910638898e-07 2.171463147385616485e-07 2.133456735591454687e-07 2.226092569084301906e-07 2.190283843928312072e-07
2.222343685771462157e-07 2.115923287978235938e-07 2.079239255509795488e-07 2.020377877904457935e-07 2.041254217467465773e-07 2.416103906910638898e-07 2.137345942119254571e-07 2.079122915959597946e-07 2.049470030507183739e-07 2.272649616482312784e-07
2.150273742760093292e-07 2.121698498095378244e-07 2.068623926300954040e-07 2.164923583018972916e-07 2.123285556765475244e-07 2.416103906910638898e-07 2.075229540134256476e-07 2.058390670066906596e-07 2.062026931095756843e-07 2.026346712032775431e-07
2.186951377666605398e-07 2.126758610130105750e-07 2.210658288370225932e-07 2.129352438699428081e-07 2.136738582976161160e-07 2.416103906910638898e-07 2.170007610982456892e-07 2.134288029753581687e-07 2.032077144468696455e-07 2.236617849087969671e-07
2.226905258735916284e-07 2.158216788632295226e-07 1.998746873183575029e-07 2.318993755027666377e-07 1.962615473636881661e-07 2.416103906910638898e-07 2.247421900369657249e-07 2.061995889021924420e-07 2.142035089955883042e-07 2.123995581268640230e-07
2.082525130511000012e-07 2.147886339261690358e-07 2.204679390243597706e-07 2.043001601860133530e-07 2.076465327872784020e-07 2.416103906910638898e-07 2.101919083252733482e-07 2.203650882655260915e-07 2.197366532330529787e-07 2.196219525213393995e-07
2.057964748252183789e-07 2.112191329638659050e-07 2.043804884904662798e-07 2.112093381820927383e-07 2.139664624040601335e-07 2.416103906910638898e-07 2.031930980825338017e-07 2.185237011403526505e-07 2.060141012679613909e-07 2.120245279273850064e-07
2.165403046504178031e-07 2.156008541984281609e-07 2.104366351165520178e-07 2.122575536522662843e-07 1.958437212132418782e-07 2.416103906910638898e-07 2.041428268023022832e-07 2.239159896777226197e-07 2.172690675722379524e-07 2.171500441041391106e-07
2.235139484282271635e-07 1.950423434850125022e-07 2.111269675657995010e-07 2.161744825563155320e-07 2.127745905143982842e-07 2.416103906910638898e-07 2.105706912736989546e-07 2.086425767382838907e-07 2.201443766584820664e-07 2.151608659010198793e-07
2.097924145921825675e-07 2.094798477918058114e-07 2.021692096269868694e-07 2.220274087424952424e-07 2.194071021461129981e-07 2.416103906910638898e-07 2.233767962507827423e-07 2.064041750021378841e-07 2.038131641634216790e-07 2.061506844003907232e-07
2.171806174408565397e-07 1.992806189640629237e-07 2.144229400647097780e-07 2.218386960836280272e-07 2.084978651557799786e-07 2.416103906910638898e-07 2.226457039454209876e-07 1.956667830562171876e-07 2.198471959946197984e-07 2.252241410692867798e-07
2.203683888025649976e-07 2.145942501395923823e-07 2.048442307368122208e-07 2.001398099229463026e-07 2.222682659272265035e-07 2.416103906910638898e-07 2.265408284836131187e-07 2.163391046201957464e-07 1.994768363898282204e-07 2.094567924630828192e-07
2.101031967243903404e-07 2.053442925076777097e-07 2.106146889738554484e-07 2.211727779967458119e-07 2.102105980844914038e-07 2.416103906910638898e-07 2.111040121357084948e-07 2.065434572939712964e-07 2.221129410758703784e-07 2.178874492354398867e-07
2.045328193691060957e-07 2.133763589590378800e-07 2.072775229474535188e-07 1.985618436235203427e-07 2.122005196218804570e-07 2.416103906910638898e-07 2.006794514154696752e-07 2.133874484680310072e-07 2.212374945745360455e-07 2.107831494519074564e-07
2.025822178202422482e-07 2.213887398406067507e-07 2.065388902313360985e-07 2.112948526374523060e-07 2.119008723868574948e-07 2.416103906910638898e-07 2.099426973477937683e-07 2.138139249131073937e-07 2.150076924584362107e-07 2.193353454334318470e-07
2.262598054006976672e-07 2.114281613077023279e-07 2.075674597038375996e-07 2.162466027515124094e-07 2.169227341166679400e-07 2.416103906910638898e-07 2.121560617245003871e-07 2.092327359045113025e-07 2.065608365348503584e-07 2.123135484821103278e-07
2.147993074077011428e-07 2.246498929767707821e-07 2.203538989967121026e-07 2.074074009359485310e-07 2.121964851623159861e-07 2.416103906910638898e-07 2.178522753773488394e-07 2.099395108293128147e-07 2.085227844929421572e-07 2.137222325201894630e-07
2.091878782484231574e-07 2.221995314523649440e-07 2.201438989553290904e-07 2.157341442249352745e-07 2.080488193143937129e-07 2.416103906910638898e-07 2.209645976850431513e-07 2.146474219189990583e-07 1.964284977895253327e-07 2.133964812683363435e-07
2.125702639469007834e-07 2.138346543893116926e-07 2.085970346580629831e-07 2.204566311192897260e-07 2.147096274445229355e-07 2.416103906910638898e-07 2.187008648901936736e-07 2.211633405756403045e-07 1.941876161613964386e-07 2.192526910764089119e-07
1.979249818515692366e-07 2.203687845536964810e-07 2.062163214959404358e-07 2.129405162005793792e-07 2.090835621177114481e-07 2.416103906910638898e-07 2.167181944392312222e-07 2.177705790550567245e-07 2.181308766407376591e-07 2.166939480538547432e-07
2.141183744586628274e-07 2.202617853396165416e-07 2.148858862299963048e-07 2.091468177354262826e-07 2.147614600820246333e-07 2.416103906910638898e-07 2.068677019571332251e-07 2.218625240291715500e-07 2.122452367754770479e-07 2.017527212891276164e-07
2.030529324229590763e-07 2.125575707581045647e-07 2.032593165667244286e-07 2.125576381672715373e-07 2.158095856304124252e-07 2.416103906910638898e-07 2.233498273252126944e-07 2.031612773736113314e-07 2.051805756275434532e-07 2.247818145006852458e-07
2.031908638522263334e-07 2.138527736945426642e-07 2.081665848608525944e-07 2.133398252157236252e-07 2.186166069318537197e-07 2.416103906910638898e-07 2.022300783967517910e-07 2.012277065698597846e-07 2.160883011522263814e-07 2.126654380514732189e-07
2.116568758058725695e-07 2.106282738993455262e-07 2.200984311579634837e-07 2.144775456622833225e-07 2.162139500443954687e-07 2.416103906910638898e-07 2.214505043390363882e-07 2.156659034416223447e-07 2.154783103226978792e-07 2.113333127217110055e-07
2.143269309777435461e-07 2.155646695991151671e-07 1.996057603249478554e-07 2.129006288985582879e-07 2.048135822955126587e-07 2.416103906910638898e-07 2.227951085978656845e-07 2.136403662672441658e-07 2.041226587363564304e-07 2.161262661987559878e-07
2.064441413384240210e-07 2.203856497337430279e-07 2.068034584954486252e-07 2.194714168114415962e-07 2.165081778403720943e-07 2.416103906910638898e-07 2.040417463870491907e-07 2.163030192350029293e-07 2.051419945314700051e-07 2.129784687944745462e-07
2.157575659902435100e-07 2.075556531057469228e-07 2.149033043095073408e-07 2.049074531899543897e-07 2.119714651974957425e-07 2.416103906910638898e-07 2.257912498366113616e-07 2.152506006730803099e-07 2.187672825873700805e-07 2.114579825707828138e-07
2.041401517509463159e-07 2.136535285086595343e-07 2.200121867292946378e-07 2.176131103437759514e-07 2.060894524752884361e-07 2.416103906910638898e-07 2.085055228694524677e-07 2.069387656728939770e-07 2.137598617240862225e-07 2.178301651779979408e-07
2.156118239642939172e-07 2.242227879498631743e-07 2.118553178937148110e-07 2.063533234466669184e-07 2.137253603409793584e-07 2.416103906910638898e-07 2.265727815184781840e-07 2.144989055585004581e-07 2.162609933011535195e-07 2.030117645972465931e-07
2.071864136419312537e-07 2.093515245278980126e-07 2.116533009696162692e-07 2.122126238437668458e-07 2.142284694710944317e-07 2.416103906910638898e-07 2.260228366248875709e-07 2.172040598487151212e-07 2.109588947129487857e-07 2.134865547908459510e-07
2.029399549259251274e-07 2.163109527276687683e-07 2.036755919447445526e-07 1.973502384440743008e-07 2.088174636650570192e-07 2.416103906910638898e-07 2.087642426236785715e-07 2.128727168669100364e-07 2.149004266473849345e-07 2.133811434376622276e-07
2.114112148971342529e-07 1.933226621710053722e-07 2.128823465562398374e-07 2.198568567330484267e-07 2.181898110945958715e-07 2.416103906910638898e-07 2.299561696698166897e-07 2.218030242843277568e-07 2.070776624236851271e-07 2.165764378657952467e-07
2.063255144913864457e-07 2.219413712808150441e-07 2.138452430881971748e-07 2.099811705564758051e-07 2.193708970359321531e-07 2.416103906910638898e-07 2.108906356820326017e-07 2.038883256399985802e-07 2.222247415654324300e-07 2.148190446053052159e-07
2.154926986112496788e-07 2.134697821071567303e-07 2.075365353110356547e-07 2.097794976336095412e-07 2.101188981264484443e-07 2.416103906910638898e-07 2.072377573299441198e-07 2.150050971027868325e-07 2.027783735245286672e-07 2.157799751025985656e-07
2.146870486514841788e-07 2.103391525741219067e-07 2.125446213645085355e-07 2.250545996625076672e-07 2.095888110444754642e-07 2.416103906910638898e-07 2.162135845264289975e-07 2.129254203030172992e-07 2.031526537232393513e-07 2.046840513216348293e-07
2.145734626789739410e-07 2.083861888480999087e-07 2.149459343074539248e-07 2.008473809383524433e-07 2.173575994978643483e-07 2.416103906910638898e-07 2.024316534309000145e-07 2.125468565335179006e-07 2.211752529079191391e-07 2.169362381360588966e-07
2.087444622373142148e-07 2.208800517187098674e-07 2.210281570351423376e-07 2.142054561701068387e-07 2.016086117899198258e-07 2.416103906910638898e-07 2.281710434767041698e-07 2.031845394435531947e-07 2.125511692765718607e-07 2.079818277414000477e-07
2.061692759503237345e-07 2.094571045498209983e-07 2.243148849238044501e-07 2.181690055227669153e-07 2.206319767677602774e-07 2.416103906910638898e-07 2.090687018314406108e-07 2.154946250402825324e-07 1.985216897516182254e-07 1.963996975400483526e-07
2.001118006599818422e-07 2.027117605341822002e-07 2.022788500017899588e-07 2.114490600283684393e-07 1.970148690134885982e-07 2.416103906910638898e-07 2.073433638975641527e-07 2.219179716626954596e-07 2.097757234301078057e-07 2.153219689991094449e-07
2.207801273630505566e-07 2.078169905251585256e-07 1.957162057779443934e-07 2.233437015657947074e-07 2.063763780139912531e-07 2.416103906910638898e-07 2.107256945702901894e-07 2.058218984216608649e-07 2.136997891467334399e-07 2.074542990923762472e-07
2.258687653044205082e-07 2.087437197651076751e-07 2.108449990748735860e-07 2.197461632292574050e-07 2.167908491762312732e-07 2.416103906910638898e-07 2.107866666703494179e-07 2.097222520168020014e-07 2.223858926452593716e-07 2.123916342118604460e-07
2.134487155982149208e-07 1.994125745157054520e-07 2.098492683435867734e-07 1.960240279821680022e-07 2.183087190471708274e-07 2.416103906910638898e-07 2.224947653830389687e-07 2.067335486264540849e-07 2.071612158855471883e-07 2.150470278390329579e-07
2.202645257116102906e-07 2.078812993095383502e-07 2.217534857356669078e-07 2.028453332895189099e-07 2.061816584767746394e-07 2.416103906910638898e-07 2.161623146374494157e-07 2.186088578849375456e-07 2.069392041370564919e-07 2.132934389355805575e-07
2.043400533116755890e-07 2.068286344393403737e-07 2.035061679735182527e-07 2.266287476481731356e-07 2.247548612119132457e-07 2.416103906910638898e-07 2.112315027401401837e-07 2.223276319828227997e-07 2.145072550773389536e-07 2.111274315735759143e-07
2.143433322490155524e-07 2.194016713543234829e-07 2.164834841972748758e-07 2.068078339334178251e-07 2.209891357050357429e-07 2.416103906910638898e-07 2.056372124938170369e-07 2.201726837951502838e-07 2.167347737409305946e-07 2.165349702918558925e-07
2.069206464513272554e-07 2.175395111322932328e-07 2.054731873178376451e-07 2.007175202339677751e-07 2.091752351256134748e-07 2.416103906910638898e-07 2.166089262800329839e-07 2.098181905866223366e-07 2.175097859893325578e-07 2.134950869875057263e-07
2.091290734088109423e-07 2.175379941436316716e-07 2.114407228774850171e-07 2.173715693762033779e-07 2.069844764975870716e-07 2.416103906910638898e-07 2.193198674314102401e-07 1.958305312030109221e-07 2.069483877941005437e-07 2.179456967244211370e-07
2.113966063929981119e-07 2.219329245801311137e-07 2.147748132809148497e-07 2.083155668247011995e-07 2.117845737835338516e-07 2.416103906910638898e-07 2.161239928431146334e-07 2.123674068517947039e-07 2.225849288525264931e-07 2.191901585481560583e-07
2.100847399165745617e-07 2.138158347313385636e-07 2.004543660884810951e-07 2.211116100565251188e-07 2.079677382943661597e-07 2.416103906910638898e-07 2.212761197090190768e-07 2.206697192881972062e-07 2.082809987726966510e-07 2.091691383595853478e-07
2.049859416883240442e-07 2.147290744710877435e-07 2.030243071121146910e-07 1.992205736715095827e-07 2.016963580133413876e-07 2.416103906910638898e-07 2.083853960043939338e-07 2.093675352408091440e-07 2.081020488027344294e-07 2.095743162093657948e-07
2.110696531581120225e-07 2.293304273155128542e-07 2.093152748486108968e-07 2.199443076288831877e-07 2.198386781385404018e-07 2.416103906910638898e-07 2.119592708578028114e-07 2.164948376617811490e-07 2.112357644200893690e-07 2.150799778542652986e-07
2.120718225403991432e-07 2.018718985206055043e-07 2.135496171983011234e-07 1.986783946164760059e-07 2.151646410200957270e-07 2.416103906910638898e-07 2.158511458208329889e-07 2.093280568891546762e-07 2.266109226626452815e-07 2.040280996397266303e-07
2.138087626214764801e-07 2.150775651863463474e-07 2.138304097842642103e-07 2.066202277900330392e-07 1.956472304905626970e-07 2.416103906910638898e-07 2.057414948194168751e-07 2.203955677411682562e-07 2.128959097326487612e-07 2.137622748599374081e-07
2.114912225220901535e-07 2.047269542675727013e-07 2.060680591208403060e-07 2.083853034641969880e-07 2.170526105488594492e-07 2.416103906910638898e-07 2.114860586264294801e-07 2.044581813327277616e-07 2.221668774297737812e-07 2.179251303110165315e-07
2.229578380071047519e-07 2.144479204173911449e-07 2.229292391465813187e-07 2.133675917835324296e-07 2.125704972950649660e-07 2.416103906910638898e-07 2.075711913717479153e-07 2.113397591068275416e-07 2.038140435753674036e-07 2.080912973677914986e-07
2.066433127554049197e-07 2.095962088220726661e-07 2.082971704410411190e-07 2.141959668015730895e-07 2.166004766748463164e-07 2.416103906910638898e-07 2.073225669567697419e-07 2.146594520677597391e-07 2.144975063617561523e-07 2.165951716605903281e-07
2.177244346652299089e-07 2.189755184093480609e-07 2.081379364097090823e-07 2.239996483634785014e-07 2.294404764043489134e-07 2.416103906910638898e-07 2.161214258839360419e-07 2.144190688265371497e-07 2.282446041684736715e-07 2.086192515720523639e-07
2.002853434551997112e-07 2.143652761689863514e-07 2.093376099140314031e-07 2.257998310099836260e-07 2.167661562855063055e-07 2.416103906910638898e-07 2.197398974831563327e-07 2.128020906033248502e-07 2.155848850411940586e-07 2.132889837507917563e-07
2.169225630977830907e-07 2.105719100218482146e-07 2.296020750012378866e-07 2.101680733046010746e-07 2.180727785755326416e-07 2.416103906910638898e-07 2.128809459585152659e-07 2.040908978042390903e-07 2.197442203930142774e-07 2.118193410048746136e-07
2.237906123667875710e-07 2.236186674168529401e-07 2.138703362932345708e-07 2.014738735345732503e-07 2.073761715581662590e-07 2.416103906910638898e-07 2.025992563825046492e-07 2.221321798296719293e-07 2.129779524886029627e-07 2.112904515108009983e-07
2.246168199248816385e-07 2.087766930320527743e-07 2.104022219634550728e-07 2.170904995930089879e-07 2.112619175627485130e-07 2.416103906910638898e-07 2.093266167387175923e-07 2.058178411854170766e-07 2.231527321429156013e-07 2.120630420094651478e-07
2.129277008347466909e-07 2.227717673491306554e-07 2.066203847547507954e-07 1.947732992795782516e-07 2.008708586778943249e-07 2.416103906910638898e-07 2.137347252378542461e-07 2.071026403874021017e-07 2.081104439202189705e-07 2.196985013940398897e-07
2.090197728572565506e-07 2.121068158608686467e-07 2.217349234069717548e-07 2.170324715900714691e-07 2.141829427610688515e-07 2.416103906910638898e-07 2.093564751518765689e-07 2.163438283651181110e-07 2.190364030506671380e-07 2.247459273170003793e-07
2.036528993054841610e-07 2.130056760176032084e-07 2.052212082300775960e-07 2.056430425981348608e-07 2.149612391695690428e-07 2.416103906910638898e-07 2.182257045524132853e-07 2.081173400201253168e-07 2.206124421063433246e-07 2.103717908797231568e-07
2.046287868175119334e-07 2.179714285188794440e-07 2.091733620166795405e-07 2.084544964768435977e-07 2.235987409202428775e-07 2.416103906910638898e-07 2.137913082338286504e-07 2.061770042582491706e-07 2.290660185520192402e-07 2.169601024721325166e-07
2.092545046035007087e-07 2.170162905148981556e-07 1.984195480003390257e-07 2.066660013581632589e-07 2.142510750550118366e-07 2.416103906910638898e-07 2.118352036182821567e-07 2.181903194032424648e-07 2.136240402079452325e-07 2.104988163062391293e-07
2.140755986164682380e-07 1.972718810451651067e-07 2.039652621238653712e-07 2.210182159913659982e-07 2.164717557782664640e-07 2.416103906910638898e-07 2.134647295719635064e-07 2.031887192338691256e-07 2.278653343726185582e-07 2.023324047256682116e-07
2.141184463189354218e-07 2.107613309163355648e-07 2.154146556673143598e-07 2.132552283396200764e-07 2.134027981239995391e-07 2.416103906910638898e-07 2.125415842632435444e-07 2.141654408854768018e-07 2.004108094403547498e-07 2.147443505113235414e-07
2.128276327480686023e-07 1.992771087545338918e-07 2.175685792345129455e-07 2.178701900708962134e-07 2.030799501306538990e-07 2.416103906910638898e-07 2.121303050297102917e-07 2.110926591046168046e-07 2.235934785884153350e-07 2.135008369133703057e-07
2.061246090536143125e-07 2.124071167089690928e-07 2.054637411674231621e-07 2.140382135997071673e-07 2.065670609396133890e-07 2.416103906910638898e-07 2.151557177992810448e-07 2.128116808389375000e-07 2.164929965608463659e-07 2.144499635795620077e-07
2.162830056824959205e-07 2.116567006715008514e-07 2.051993771393915280e-07 2.225301329277487257e-07 2.205242345319533388e-07 2.416103906910638898e-07 2.096008555332184920e-07 2.156529861763241298e-07 2.114574716193499353e-07 2.160340612898866206e-07
2.222404539823062917e-07 2.054897379402028074e-07 2.084071229597007573e-07 1.996561612367484612e-07 2.222238308809616301e-07 2.416103906910638898e-07 2.102529468690521637e-07 2.062454340030916083e-07 2.117928127655865494e-07 2.022043323294268514e-07
2.179085206512467626e-07 2.172939079799959113e-07 2.103390725497772543e-07 2.161477058961133710e-07 2.236371766768957481e-07 2.416103906910638898e-07 2.118392010646282795e-07 1.955689477313223592e-07 2.189274412902084139e-07 2.209003786907909645e-07
2.164193416181962697e-07 2.054905522246016515e-07 2.021437163451006140e-07 2.212658636594907175e-07 2.106695313708680680e-07 2.416103906910638898e-07 2.082693354967558338e-07 2.042438508981869321e-07 2.135263521204506084e-07 2.233996497482426468e-07
2.192747915922308446e-07 2.208368931337722473e-07 2.201306126301372932e-07 2.137499350821119503e-07 2.027087483623381207e-07 2.416103906910638898e-07 2.168429111562680758e-07 2.153190417904862325e-07 2.077451499179192780e-07 2.059044180690742096e-07
2.182132596943755176e-07 2.069895696923736258e-07 2.152584634199004830e-07 2.133893402322060572e-07 2.228498144798651558e-07 2.416103906910638898e-07 2.272174887908466701e-07 2.032168684619081726e-07 2.207232235493649485e-07 2.112202413897959949e-07
2.203437783712001914e-07 2.026094130322817497e-07 2.150727431668046138e-07 2.103443780609981401e-07 2.064498125326272663e-07 2.416103906910638898e-07 2.195716259496867150e-07 2.185416529958895453e-07 2.034750329501533828e-07 2.129478049616409908e-07
2.152369120476645378e-07 2.047966740349720178e-07 2.074143903722691726e-07 1.967462372779959417e-07 2.214013411218480763e-07 2.416103906910638898e-07 2.104097466289603656e-07 2.001804865554149876e-07 2.127101873295314120e-07 1.990726984017901992e-07
2.065695508299718888e-07 2.197881538889829504e-07 2.089762201998390889e-07 1.966157038085272528e-07 2.197562357227759979e-07 2.416103906910638898e-07 2.108389795186902895e-07 2.100566469480141498e-07 2.073499499184672731e-07 2.113059370194561179e-07
2.223931154097374100e-07 2.210630794176298537e-07 2.259043870262915685e-07 2.107524553514949723e-07 2.159213611639343373e-07 2.416103906910638898e-07 2.146635544834916663e-07 2.228990193869416761e-07 1.914805855026251381e-07 2.104941548629048441e-07
2.092705720437486471e-07 2.209797213197307752e-07 2.211687055392360522e-07 2.080737012453081943e-07 2.072847994725100025e-07 2.416103906910638898e-07 2.147367929200040273e-07 2.100087356176978533e-07 2.148145437568105097e-07 2.182582932583798290e-07
2.044700527723788851e-07 2.051811107742503357e-07 2.030322469203645403e-07 2.045292923931511283e-07 2.168115132249610218e-07 2.416103906910638898e-07 2.164291826401962734e-07 2.242258720478056903e-07 2.173017122599633948e-07 2.251168521385789933e-07
2.212144990549978443e-07 2.078102319286527742e-07 2.300624565667032629e-07 2.006710703960416099e-07 2.154894160730973602e-07 2.416103906910638898e-07 2.062749738921949644e-07 1.987795210320516143e-07 2.130150971097387165e-07 2.193291035669212902e-07
2.196139411535722562e-07 2.186702388021601080e-07 2.014265449102494327e-07 2.057484505178626710e-07 2.126295952970444015e-07 2.416103906910638898e-07 2.180155440352532715e-07 1.969445156460373578e-07 2.047977250038363316e-07 2.126400816297220451e-07
2.125355837480854841e-07 2.071347150404072899e-07 1.986413326927853872e-07 2.167310125364005288e-07 2.039990880441629751e-07 2.416103906910638898e-07 2.255553920972681579e-07 2.080164861979539729e-07 2.117299191813406762e-07 2.244242162726918426e-07
2.141047882316368253e-07 2.022980052421643317e-07 2.149524194136537701e-07 2.116337688882210425e-07 2.056226467118237520e-07 2.416103906910638898e-07 2.128354431992818438e-07 2.154761226481273857e-07 2.169203658977304235e-07 2.235156243880040221e-07
2.038271275581056151e-07 2.127469755813435745e-07 2.266190804910687523e-07 2.063153833063385622e-07 2.006161270240655150e-07 2.416103906910638898e-07 2.000976789656862947e-07 2.141520699013697233e-07 2.185753462241369562e-07 2.135431990980294547e-07
2.225455770657992537e-07 2.082233023459977204e-07 2.121483678316399592e-07 2.246547528765563561e-07 2.128776903164034624e-07 2.416103906910638898e-07 2.172759821170017798e-07 2.016744552570341522e-07 2.215677965800306562e-07 2.126217602292460386e-07
