2.086913263377938711e-07 2.045812103765476676e-07 2.232613387056468811e-07 2.032022180234826041e-07 2.153379955381042296e-07 2.415583136869852996e-07 2.155582689144337640e-07 2.112127486906962739e-07 2.177457446566525722e-07 2.221940679409918396e-07
2.097425377337957749e-07 2.165031018052315394e-07 2.083360083846495424e-07 2.132747390874619637e-07 2.184387521098222835e-07 2.415583136869852996e-07 2.105872839252291488e-07 2.118292413716152820e-07 2.062257256885115698e-07 1.959168415613844784e-07
2.020865308946035789e-07 2.243874088014778813e-07 2.139795984526688978e-07 1.989974505526282595e-07 1.925293487516270287e-07 2.415583136869852996e-07 2.028439661361974671e-07 2.214278071315184655e-07 2.200707733739767553e-07 2.117804939955127898e-07
1.976962578857437870e-07 2.157191364356923518e-07 2.146691081907234402e-07 2.143580301778615623e-07 2.089175341805585148e-07 2.415583136869852996e-07 2.145524379212073029e-07 2.205886760229394059e-07 2.045021726840289763e-07 2.206490983071959974e-07
2.084031717122077766e-07 2.103965330991112206e-07 2.135438180138161111e-07 1.984344008812818084e-07 1.969063196337059745e-07 2.415583136869852996e-07 2.168190956269868947e-07 2.233949111226523471e-07 2.051843587157227709e-07 2.097623404940325340e-07
2.184108332473972134e-07 2.264207053920488307e-07 2.121517788184133929e-07 2.186988293009333958e-07 2.221180640998991697e-07 2.415583136869852996e-07 2.060204834846502491e-07 2.176689651477351925e-07 2.212618893330511916e-07 1.976451604851180221e-07
2.054348101614940165e-07 2.142261224174320452e-07 2.091263422751979730e-07 2.115812558875997828e-07 2.008968040611760870e-07 2.415583136869852996e-07 2.198313978070871538e-07 2.275384224195326969e-07 2.067062821075009636e-07 2.132135994036176519e-07
2.024102855078972329e-07 2.103359094012708464e-07 2.142454636792425586e-07 2.038190500411776626e-07 2.038398809562716554e-07 2.415583136869852996e-07 2.040640920157647750e-07 2.116584647732602595e-07 2.179296297659204609e-07 2.197391857070383221e-07
2.122588454152244597e-07 2.152776230395369430e-07 2.139458108515034559e-07 2.131081988728238913e-07 2.026495529216767671e-07 2.415583136869852996e-07 2.103263406937152881e-07 2.017889791039908548e-07 2.252331249794686023e-07 1.985391842977005101e-07
2.189778123687597344e-07 1.988078652758160589e-07 2.047534170076820440e-07 2.127497902974827639e-07 2.124283503481899664e-07 2.415583136869852996e-07 2.204978618097713514e-07 2.196414944976022036e-07 2.108523239068572380e-07 2.238744221772828368e-07
2.176894548176226833e-07 2.138713729316542346e-07 2.092601483750105396e-07 2.082506649605107472e-07 2.200048839961524519e-07 2.415583136869852996e-07 2.109099303135258422e-07 2.127112853774662631e-07 2.204453995274265890e-07 2.215880712834021941e-07
2.158613034424875669e-07 2.219894380786957573e-07 2.167037818060419317e-07 2.183657546147111781e-07 2.098091765696947986e-07 2.415583136869852996e-07 2.155228684483365387e-07 2.148916508594889808e-07 2.163166885641598595e-07 2.128708127403892828e-07
2.053114155942100250e-07 2.098477375823314319e-07 1.953691025206181404e-07 2.242546426187522645e-07 2.173441443528820886e-07 2.415583136869852996e-07 2.057571958354264519e-07 1.985207481165637181e-07 2.034856192271217940e-07 2.151356848199711645e-07
2.042694621821817746e-07 2.185273097000599372e-07 2.040670186135408336e-07 2.274544074975691368e-07 1.948760332461047261e-07 2.415583136869852996e-07 2.193037561371005191e-07 2.135356285156949277e-07 2.044989656136456604e-07 2.094869125478462462e-07
2.114442718930861561e-07 2.200167121567383563e-07 2.255712831454206508e-07 2.037489296155615414e-07 2.095342117900016364e-07 2.415583136869852996e-07 2.111535224930052294e-07 2.148357106676146260e-07 2.180007521097265221e-07 2.309220113640683612e-07
2.194173042043671626e-07 2.157406051140101276e-07 2.053941848813862728e-07 1.981895492793401982e-07 2.042385888422990598e-07 2.415583136869852996e-07 2.158640221164171945e-07 2.105857429055874293e-07 2.074345262168293755e-07 2.114478534793095790e-07
2.181293245648884609e-07 2.239878930807153207e-07 2.114183648582640925e-07 2.151453059407275561e-07 2.031630808228669416e-07 2.415583136869852996e-07 2.179072246833792854e-07 1.905458120806981762e-07 1.966167556606768622e-07 2.154550845583482432e-07
2.066830713677172432e-07 2.167622580104771906e-07 2.110655612501645779e-07 2.068442509127570687e-07 2.202825807433073039e-07 2.415583136869852996e-07 2.166584031088467377e-07 1.965069879502830671e-07 2.094882982996843846e-07 2.208131390836364911e-07
2.113368403992548663e-07 2.126185057487012206e-07 2.172707744599021383e-07 2.126960865116636804e-07 2.209395250375026642e-07 2.415583136869852996e-07 2.001638432770282179e-07 2.171354700492378162e-07 2.056416641196518822e-07 2.172168429788639522e-07
2.230656548113377970e-07 2.075179352201535194e-07 2.090604204106376376e-07 1.982422232514015204e-07 2.161468787946599909e-07 2.415583136869852996e-07 2.158038317830145548e-07 2.138992544560151128e-07 2.062921920038528222e-07 2.264624002151860749e-07
2.183367989835331670e-07 2.136698627924808318e-07 2.247789337320097102e-07 2.113682342750120292e-07 2.167016613601433925e-07 2.415583136869852996e-07 2.264487274620028522e-07 1.965798799591397052e-07 2.104007740874399853e-07 2.101880445128040728e-07
2.248060044551917697e-07 2.225494608083130770e-07 2.130950437857814939e-07 2.124303966960032248e-07 2.107593251410610844e-07 2.415583136869852996e-07 2.093208126717229932e-07 2.055395935357428918e-07 2.130354900643382723e-07 2.117098063084816360e-07
2.034623166836611835e-07 2.163593175200671624e-07 2.106935896122377819e-07 2.146219137616290270e-07 2.055005984858408990e-07 2.415583136869852996e-07 2.155664010701221899e-07 2.111532379317769237e-07 2.143791381156840420e-07 2.125764732092932707e-07
2.259791934901629318e-07 2.252020381692806853e-07 2.061012108767189584e-07 2.124999677302365433e-07 2.161129667112228146e-07 2.415583136869852996e-07 2.168153392636041823e-07 2.156404745698658894e-07 2.099032564935706503e-07 2.242610625922985471e-07
2.151138113618001765e-07 2.053822134077866325e-07 2.072443844718358546e-07 2.032651965245121661e-07 2.218695773610495821e-07 2.415583136869852996e-07 2.175429517555572391e-07 2.008154519253005751e-07 2.197373678685416404e-07 2.133166204592189933e-07
2.009003470251097297e-07 2.093194836409594148e-07 2.218536593308813007e-07 2.124983349211594428e-07 2.111634405838322068e-07 2.415583136869852996e-07 2.131537220720954490e-07 2.125759520292524367e-07 2.026826242335341851e-07 2.293090990442924056e-07
2.220103706121920365e-07 2.083494130147628555e-07 2.245259968202057134e-07 2.033984150269909721e-07 2.099442202028980549e-07 2.415583136869852996e-07 2.120577435082471112e-07 2.165242998679594916e-07 2.085222665096363828e-07 2.127907183122642270e-07
2.226023929384245362e-07 2.192078147904355294e-07 2.124360183343371620e-07 2.089334080699471667e-07 2.075572313632354957e-07 2.415583136869852996e-07 2.079377996230554969e-07 2.071069044646843383e-07 2.034702089189458542e-07 2.188659485785073225e-07
2.113530704994367406e-07 2.205332505709327780e-07 1.942099843219532377e-07 2.091414762418235250e-07 1.939004630220540856e-07 2.415583136869852996e-07 2.094798227294950390e-07 2.096449401220974597e-07 2.128351650468685855e-07 2.078847888671557868e-07
2.085019961718508703e-07 2.109852935238599774e-07 2.119798052624714530e-07 2.128253730739298079e-07 2.114671433514453910e-07 2.415583136869852996e-07 2.023921246657924372e-07 2.252049649770176827e-07 2.187293617678303493e-07 1.965339346977478408e-07
2.152816760449675474e-07 2.283579104484638474e-07 2.065117541009246085e-07 2.030934649296613221e-07 2.063018861699968127e-07 2.415583136869852996e-07 2.044513691213534813e-07 2.179318754554152237e-07 2.067388502589050380e-07 1.999055088950637178e-07
2.056896794416338047e-07 2.121780422173928614e-07 2.195777712291983531e-07 2.233146802101891236e-07 2.201180733056618309e-07 2.415583136869852996e-07 2.145936330767218765e-07 2.094764527289640066e-07 2.183803922720073925e-07 2.231771922435255413e-07
2.013317363133184279e-07 2.106547443312008678e-07 2.038201487756239295e-07 2.130640790996235187e-07 2.221643937443084703e-07 2.415583136869852996e-07 2.024491322886538904e-07 2.172493743102708111e-07 2.121727017800496123e-07 2.078511119703961278e-07
2.137387258797018838e-07 2.047131901838594224e-07 2.094922760087022604e-07 2.096206985118308662e-07 2.103957995046035322e-07 2.415583136869852996e-07 2.128856490526218046e-07 2.100562067247853584e-07 2.164497101571463594e-07 2.069070767897879185e-07
2.127922983150574910e-07 2.143348954149994609e-07 2.177605769913930478e-07 1.943724210449032086e-07 2.257801069692681278e-07 2.415583136869852996e-07 2.081524924941056663e-07 2.101812897680561882e-07 2.146829966573952169e-07 2.122882126309167288e-07
2.219440126181171408e-07 2.049587847145729686e-07 2.007674122745804729e-07 2.174250308233716437e-07 2.023237405798986235e-07 2.415583136869852996e-07 2.055670246277675217e-07 2.198943953077308553e-07 2.227348952145417246e-07 2.205198569409506360e-07
2.185279117841195266e-07 2.200517939933256562e-07 2.193022991791340084e-07 2.224756537442121985e-07 2.031648108090031850e-07 2.415583136869852996e-07 2.077520777098275671e-07 2.215277183829439722e-07 2.122564100055413656e-07 2.235123341941762851e-07
2.062223536530186365e-07 2.146813551739552151e-07 1.996241870459047965e-07 2.080516987441248817e-07 2.066702256679004138e-07 2.415583136869852996e-07 2.126890805939589102e-07 2.128072053658955852e-07 2.112786522310095789e-07 2.225165208956790147e-07
2.143223436229307456e-07 2.152904462072223959e-07 2.043913983944036152e-07 2.233026907942147106e-07 2.125850571455304139e-07 2.415583136869852996e-07 2.190412431051525135e-07 2.110285906946581505e-07 2.185544540792720320e-07 2.073446321591129123e-07
2.145481505278822995e-07 2.125800946671622834e-07 2.192305215523714623e-07 2.156762235428221165e-07 2.222524488317353017e-07 2.415583136869852996e-07 2.171417572140648846e-07 2.103655728987210435e-07 2.114223450973405826e-07 2.102932451362339514e-07
2.215846265067113898e-07 2.093882445546416542e-07 2.117801959368992788e-07 2.087992379592268835e-07 2.132904377993452800e-07 2.415583136869852996e-07 2.141447276665531541e-07 2.121268252377520944e-07 2.018288727162221676e-07 1.985977888963292469e-07
2.180520076999869141e-07 2.072372429135185179e-07 2.264554084935907645e-07 2.003342158629297024e-07 2.127377746172868901e-07 2.415583136869852996e-07 2.037922156845412586e-07 2.104399290437877695e-07 2.145399466465845359e-07 2.208883414684215864e-07
2.112048153072513101e-07 2.135937202410170479e-07 2.083319408394232129e-07 2.203058790390734168e-07 2.050220099676289462e-07 2.415583136869852996e-07 2.150224040491989966e-07 2.227644373117385573e-07 2.088805429178647630e-07 2.050360055318196435e-07
2.160138775110531416e-07 2.083996476963937260e-07 1.936065225089088637e-07 2.143077836032338324e-07 2.048383555286314508e-07 2.415583136869852996e-07 2.187873404146043121e-07 2.121246775785487500e-07 2.106154193498508866e-07 2.119122235365358021e-07
2.096161872884705226e-07 2.170512010934938460e-07 2.125320708230473062e-07 2.143182922673594656e-07 2.145256012136853227e-07 2.415583136869852996e-07 2.020835399994840218e-07 1.998192248241606384e-07 2.075590342673398012e-07 2.093812858867499405e-07
2.054388140756929332e-07 2.088904800685923647e-07 1.963795389069638971e-07 2.242693908004751129e-07 2.088494280372581309e-07 2.415583136869852996e-07 2.131905562200277107e-07 2.173783126991190475e-07 2.127884463669617406e-07 2.225744351441946883e-07
2.168660155257808055e-07 2.201819292296498620e-07 2.147971467198246007e-07 2.092410052586917292e-07 2.011596950692960183e-07 2.415583136869852996e-07 2.108410887931125273e-07 2.166169643629353688e-07 2.061285300284952155e-07 2.218559702102445577e-07
2.073388079591628670e-07 2.181906136890417916e-07 2.121659356453020697e-07 2.146050681358520047e-07 2.074428339510147282e-07 2.415583136869852996e-07 1.963210777093916711e-07 2.049344050107563000e-07 2.148721330698916525e-07 2.257905610723489311e-07
2.042379700906146343e-07 2.116861255332385645e-07 2.197946583933489392e-07 2.158419808100446480e-07 2.128138542209463097e-07 2.415583136869852996e-07 2.193668133013601793e-07 2.116156641628180289e-07 2.093526315988753954e-07 2.126917549772499070e-07
2.244013864256559956e-07 2.014119351104832517e-07 2.054645628472930325e-07 2.131447162913657508e-07 2.059659349056079804e-07 2.415583136869852996e-07 2.272546036358628639e-07 2.098659618705404132e-07 2.245907257516311343e-07 2.010909441587899240e-07
2.146183773719012910e-07 2.022710403877175638e-07 1.891916071166908270e-07 2.174288779677334596e-07 2.186853180291990699e-07 2.415583136869852996e-07 2.105965095061910008e-07 2.150357717599823493e-07 2.125080325386584496e-07 2.189493205858578621e-07
2.075661910500618428e-07 2.200855899087647292e-07 2.241919448073853024e-07 2.027315727229288043e-07 2.111187383140726719e-07 2.415583136869852996e-07 2.188254899608072095e-07 2.183355254984824641e-07 1.974902102550334919e-07 2.018507725755809292e-07
2.135109876123554988e-07 2.129168219480387005e-07 2.015497511986030722e-07 2.154621803019921456e-07 1.953893093727096237e-07 2.415583136869852996e-07 2.125130023374435522e-07 1.938698843872208250e-07 2.206776490045761317e-07 2.076713600693846670e-07
2.032786663579139135e-07 2.192306945359547649e-07 2.118530368412439629e-07 2.057484103923075468e-07 2.167702543829709352e-07 2.415583136869852996e-07 2.188276889038749053e-07 2.049657437824226286e-07 2.127045497222167692e-07 2.137968945963622331e-07
2.176743098057121424e-07 2.151813234653182444e-07 2.027676663277227241e-07 1.928986864179080417e-07 2.083375130430957156e-07 2.415583136869852996e-07 2.138082541320779792e-07 2.126540203654837179e-07 1.999024375019283080e-07 2.109006296564528316e-07
2.123260685815715776e-07 2.089270258358007743e-07 1.958800576844430666e-07 2.083576791703114512e-07 1.988886620593149047e-07 2.415583136869852996e-07 2.133851081841508880e-07 2.207909512929518133e-07 2.198129491809614536e-07 2.081767710212464335e-07
2.163362038417340755e-07 2.188112196926829111e-07 2.070545093526803151e-07 2.030281163545492318e-07 2.280387715395399344e-07 2.415583136869852996e-07 2.134077368015992873e-07 2.234101968035417590e-07 2.090619910795221166e-07 2.156552173735645063e-07
2.184918341469346485e-07 2.048190124955876150e-07 2.118673585510333420e-07 2.048835582543466380e-07 2.043815109564504194e-07 2.415583136869852996e-07 2.158037318739939480e-07 2.034919093656442387e-07 2.080412405472272241e-07 2.134447655915021763e-07
2.049035875894182297e-07 2.157197748626247090e-07 2.050937101673761756e-07 2.220244023015585581e-07 2.251423924859030818e-07 2.415583136869852996e-07 2.108633387928765810e-07 2.171371107680342302e-07 2.068254839398458736e-07 2.040430869924962615e-07
2.113571419729436668e-07 2.096333765118837112e-07 2.049935281966153764e-07 2.134143731662748547e-07 2.089700671214802503e-07 2.415583136869852996e-07 2.152820410833334024e-07 2.158181569088559406e-07 2.191320148290856203e-07 2.242694701598144101e-07
2.057714586091623958e-07 2.173365654758338800e-07 2.220944069593594096e-07 2.147821064726848415e-07 2.059595765854759194e-07 2.415583136869852996e-07 2.130839806373443935e-07 2.164134572725616603e-07 2.164286739373761483e-07 2.169658829893354428e-07
2.092665437330937548e-07 2.044456129005593400e-07 2.162412696949667173e-07 2.273052022083769088e-07 2.159754649352026340e-07 2.415583136869852996e-07 2.097380520333578236e-07 2.127262949843867276e-07 2.132596290147598099e-07 2.148711484827153943e-07
2.056398466766751705e-07 2.040923096732194386e-07 2.144133986845011586e-07 2.138902344718777867e-07 2.147192130229353595e-07 2.415583136869852996e-07 2.258595651341988138e-07 2.006894236030656776e-07 2.175725952366962620e-07 2.139680782634870607e-07
2.082894774132028182e-07 2.137658249791151689e-07 2.181666344611232739e-07 2.013769882852095194e-07 2.109493293288546332e-07 2.415583136869852996e-07 2.184575159343957640e-07 2.130657375454463460e-07 2.190019790007309575e-07 2.224710413250249621e-07
2.038402170631755261e-07 2.070690855391062724e-07 2.078678023428333184e-07 1.973668750649059837e-07 2.098009020940313532e-07 2.415583136869852996e-07 2.146584567884648296e-07 2.051427326006161934e-07 2.150526573749920339e-07 2.162861400241078946e-07
2.071705049046151967e-07 2.090669285393675576e-07 2.147708931751576191e-07 2.207641235799178518e-07 2.096560699740856331e-07 2.415583136869852996e-07 2.158992331752869483e-07 2.129827382562735484e-07 2.110931102197699228e-07 2.193934469788078889e-07
2.222147662564119938e-07 2.144646696135799984e-07 2.158580320032539664e-07 2.050070171297577575e-07 2.164914508445908923e-07 2.415583136869852996e-07 2.190409806634636123e-07 2.177041929773806606e-07 1.923231305527008990e-07 2.083802720582819527e-07
2.201977688001975075e-07 2.001670471922936911e-07 2.143708253788550814e-07 2.051471293756420874e-07 2.213620358528747897e-07 2.415583136869852996e-07 2.069964658954762459e-07 2.187187591765564878e-07 2.142580842607226693e-07 2.131322841642978990e-07
2.247648806747751947e-07 2.198228792642399816e-07 2.093845235541070722e-07 1.991107620085372440e-07 2.122833271649717011e-07 2.415583136869852996e-07 2.259960155306141902e-07 2.161433797085422699e-07 2.252059630815666356e-07 1.978898692370298702e-07
2.095775603808694676e-07 2.077541286491049683e-07 2.066367848301458201e-07 2.144979276208545495e-07 2.114438694821191349e-07 2.415583136869852996e-07 2.089504497579258910e-07 2.020112862526791661e-07 2.156686453232316436e-07 2.027108026386404397e-07
2.139229035984085226e-07 2.241732758187551725e-07 2.145692309080006130e-07 2.206205442593515764e-07 2.202841779853111512e-07 2.415583136869852996e-07 2.148542645279483345e-07 2.047975353186057911e-07 2.094879402263276505e-07 2.023498321262233756e-07
2.027576659562172914e-07 2.103373895605567903e-07 2.144101675431622820e-07 2.159423877461157114e-07 2.011655042467047154e-07 2.415583136869852996e-07 2.093950488004700824e-07 2.111491861815243421e-07 1.947522220572253147e-07 2.034945236084696913e-07
2.252507115225416863e-07 2.078344454089392282e-07 2.031121045844811945e-07 2.226331566049809899e-07 2.100203057073750468e-07 2.415583136869852996e-07 2.162501651690367111e-07 2.103128602358743835e-07 2.024344369137246601e-07 2.140938931866393625e-07
2.081620166411345769e-07 2.087218882626054114e-07 1.948465540149060009e-07 2.161503117525260433e-07 2.249610135360272440e-07 2.415583136869852996e-07 2.083084373695819272e-07 2.033847406991544952e-07 2.095706751862051884e-07 2.079651305504569519e-07
2.064231338169452791e-07 1.984309572415791845e-07 2.104475269783013296e-07 2.140554352560092064e-07 2.080564647615732085e-07 2.415583136869852996e-07 2.280709571679254009e-07 2.041829673397076279e-07 2.130642559057058936e-07 2.220210086425164212e-07
2.178190520673614365e-07 2.120012879429496901e-07 1.987748060072554617e-07 2.086999109414833153e-07 1.902884864977672287e-07 2.415583136869852996e-07 2.060955164956634174e-07 2.172501775747893285e-07 2.182839161779683032e-07 2.200959274706004552e-07
2.087315123619656028e-07 2.101386093730599495e-07 2.186658323692789490e-07 2.023401252268085837e-07 2.112730975919248048e-07 2.415583136869852996e-07 2.249792198874039332e-07 2.056777746754136939e-07 2.067273478597182287e-07 2.229194745469701341e-07
2.222779515674436581e-07 2.051625634814473054e-07 2.008141277735257322e-07 2.105358737959856490e-07 2.190337391619680328e-07 2.415583136869852996e-07 2.198763524230327212e-07 2.035719681395029989e-07 2.104057665214493739e-07 2.213547234471319774e-07
2.244340443029240858e-07 2.101802093146708445e-07 2.223162922028046129e-07 2.263905425776012016e-07 2.040403477586261407e-07 2.415583136869852996e-07 2.174051286146109658e-07 2.173943099770952304e-07 2.090111095044881544e-07 2.082272797683787998e-07
2.112726486677749764e-07 2.258496784575045415e-07 2.093932554947535323e-07 2.083844763247085463e-07 2.161124997933588054e-07 2.415583136869852996e-07 2.143320609491885046e-07 2.182000364003954983e-07 2.212437526690357425e-07 2.196592118611819903e-07
2.114551832997541723e-07 2.089063606535742885e-07 2.126834599898586602e-07 2.170146112222803777e-07 2.290288023256951552e-07 2.415583136869852996e-07 2.058863205091267463e-07 2.161352953698506176e-07 2.045708198142429431e-07 2.185708509482685159e-07
2.180991700851320598e-07 2.137948603238504591e-07 2.184915780679255306e-07 2.125392127952549842e-07 2.091754019956422482e-07 2.415583136869852996e-07 2.199346383745625758e-07 2.247084082335033466e-07 2.138539974952447252e-07 1.995677766810735822e-07
2.165465912701636322e-07 2.197810222424577034e-07 2.156886546498700233e-07 2.200262618533250602e-07 2.128814566336290564e-07 2.415583136869852996e-07 2.044158953598232076e-07 2.040339789027456249e-07 2.183999781511519936e-07 2.167838123395672471e-07
2.129965131695471092e-07 2.176521657050291297e-07 1.937957111861016428e-07 2.114529357735027153e-07 2.118355566537444715e-07 2.415583136869852996e-07 2.068868200521351695e-07 2.180179013317567314e-07 2.168231969997172055e-07 2.113382004811970289e-07
1.870447738169900539e-07 2.065335833931730646e-07 2.201144644539893811e-07 2.096729914631083235e-07 2.063028535034985264e-07 2.415583136869852996e-07 1.955333402196055443e-07 2.142518222179519481e-07 2.111602033940108102e-07 2.197124520230257180e-07
2.044844211706413369e-07 2.164116983123050269e-07 2.162210590874850733e-07 2.138211603830506830e-07 2.162580536727574638e-07 2.415583136869852996e-07 2.239552798940302814e-07 2.108361446113961261e-07 2.236669722644603800e-07 2.096719756103237023e-07
2.079167449271990763e-07 2.136601432367955097e-07 2.148879299883325140e-07 2.175183284878739059e-07 2.132765508452390837e-07 2.415583136869852996e-07 2.270180759442706975e-07 2.167382623744611849e-07 2.074912480991364594e-07 2.197372515660108823e-07
2.003919558246831699e-07 2.142774324743699618e-07 2.153299465801510230e-07 2.098634706841265041e-07 2.207183222362066864e-07 2.415583136869852996e-07 2.163301722142441403e-07 2.117944233019325402e-07 2.139935314799027386e-07 2.036205752012687537e-07
2.187236329664086974e-07 2.093830867912983751e-07 2.160434915038437368e-07 2.205159013321022152e-07 2.164853912536271662e-07 2.415583136869852996e-07 2.126693758473001800e-07 2.154967816210954189e-07 2.151191296002543982e-07 2.071836435220386472e-07
2.019464970806665509e-07 2.115373273100547612e-07 2.161798302119684726e-07 2.087155623273059455e-07 2.180948301291695736e-07 2.415583136869852996e-07 2.001669837581864301e-07 2.187671642753008507e-07 2.130854918383259908e-07 2.132904205752414233e-07
2.046154919296545432e-07 2.054036405798026503e-07 2.143026253548883285e-07 2.094353797950461089e-07 2.106876122749467184e-07 2.415583136869852996e-07 2.122228111455653482e-07 2.176259732608257973e-07 2.097137209177580918e-07 2.162344763709339475e-07
2.192470003524407788e-07 2.247251614291182439e-07 2.137481112353043713e-07 1.974497407368449137e-07 2.211123816047773758e-07 2.415583136869852996e-07 2.116862095022711859e-07 2.074070866700097514e-07 2.012879017597063721e-07 2.274555222639479686e-07
2.222182372506057067e-07 2.312889324246318494e-07 2.112690521627292574e-07 2.211981621241045661e-07 2.095062386508881613e-07 2.415583136869852996e-07 2.124762289562247680e-07 2.168893616362308419e-07 2.183911279749094558e-07 2.057727476948372015e-07
2.210580981670318579e-07 2.161446530168659276e-07 2.203234618849089106e-07 2.260005260396214097e-07 2.218793501737994315e-07 2.415583136869852996e-07 2.173995793869061042e-07 2.101402283906802431e-07 2.156669005742104404e-07 2.064257021522992264e-07
2.169431495300048969e-07 2.066548968919062777e-07 2.102398263214174641e-07 2.191009406450766734e-07 2.144443689406221429e-07 2.415583136869852996e-07 2.157417312425019635e-07 2.012459452555089575e-07 2.235023563585649081e-07 2.119357459487140123e-07
2.223764473299301979e-07 2.213249220695321801e-07 2.059503647804794094e-07 2.154311575753779723e-07 2.130687075836769138e-07 2.415583136869852996e-07 1.993692703977376513e-07 2.177630756759395413e-07 2.209329648664655893e-07 1.978669490907765552e-07
2.169716884232044995e-07 2.159774981711048728e-07 2.113756184433846012e-07 2.144879376236107932e-07 2.118615474305979265e-07 2.415583136869852996e-07 2.156957572090447071e-07 1.999457190828796020e-07 2.212025866156299047e-07 2.137810557782271520e-07
2.062438109409820328e-07 2.155502903649760291e-07 2.328019894952928632e-07 2.050256307396021507e-07 2.093618468085213927e-07 2.415583136869852996e-07 2.243944825015231976e-07 2.151198258534334826e-07 2.197996265903611220e-07 2.116761932287359081e-07
2.136702545806014883e-07 2.120225217418857198e-07 2.167806336831446513e-07 1.993492395662775115e-07 2.077007525716216289e-07 2.415583136869852996e-07 2.151551165173201784e-07 2.148005348226739697e-07 1.955992668371644994e-07 2.140103778035826581e-07
2.093910873809715671e-07 2.053936490348011593e-07 2.084191139612581142e-07 2.142152956117123458e-07 2.107781778363198235e-07 2.415583136869852996e-07 2.127354916849845990e-07 2.030353309386850858e-07 2.202142987408966334e-07 2.228017808519195414e-07
2.150901874225309432e-07 2.157439648457651287e-07 2.148996208366404849e-07 2.055422225023649573e-07 2.125815743137353727e-07 2.415583136869852996e-07 2.054720095172445154e-07 2.086161285002376553e-07 2.232147498191902530e-07 2.093898000325864031e-07
2.081080672927818397e-07 1.958632055615462768e-07 2.212721213834511401e-07 2.046227141162109485e-07 2.009401705961705404e-07 2.415583136869852996e-07 2.186914409574903223e-07 2.154108532200938005e-07 2.262719733132413444e-07 2.061909571186157405e-07
2.031249865443478573e-07 2.254009946435882586e-07 2.096678441682614390e-07 2.069300820445999048e-07 2.209199208436555323e-07 2.415583136869852996e-07 2.104071320278875954e-07 2.062332946635354343e-07 2.177943118157122243e-07 2.166435053982507467e-07
2.187812141022855422e-07 2.165898611983729271e-07 2.154754519769251953e-07 2.066422930455033866e-07 1.989021551809086580e-07 2.415583136869852996e-07 2.137266868642315719e-07 2.148115385161144295e-07 2.240529175099258693e-07 2.126752776178860133e-07
2.049568015054528488e-07 2.103479700887925537e-07 2.091510089521653206e-07 2.216465786369846356e-07 2.166558570058846443e-07 2.415583136869852996e-07 2.225676485076399265e-07 2.218487018009290407e-07 2.051430483374891752e-07 2.045114519029558017e-07
2.220465726048935301e-07 2.205426818685924496e-07 2.258301860930020911e-07 2.079890358211104486e-07 2.099227464041152616e-07 2.415583136869852996e-07 2.169574242551748739e-07 2.019794683544402902e-07 2.214486276363706488e-07 2.241949066233183970e-07
2.187440225584204368e-07 2.141004063672232017e-07 2.179420347444509025e-07 2.244250777243939991e-07 2.047052056325656160e-07 2.415583136869852996e-07 2.042312775405971757e-07 2.091488206247088722e-07 2.005970812176047582e-07 2.080058724856164316e-07
2.136810568899906309e-07 2.152339169798222162e-07 2.153248032948111185e-07 2.189649123838162518e-07 2.216371683709381627e-07 2.415583136869852996e-07 2.192292461138973469e-07 2.036630041035033531e-07 2.172990411428047875e-07 2.009645948803966051e-07
2.079193655346543144e-07 2.207332179337059791e-07 2.034769969197201812e-07 2.143005216944179031e-07 2.098402445962120556e-07 2.415583136869852996e-07 2.143476548991169472e-07 2.147594278602770333e-07 1.972278251243357262e-07 2.033467540868309972e-07
1.919005214384050117e-07 2.161998452926517467e-07 2.207165353414980725e-07 2.002566916721934705e-07 2.122512491851004846e-07 2.415583136869852996e-07 2.171496704606313957e-07 2.167897067752854350e-07 2.163797719235949310e-07 2.144661413136037759e-07
2.181407568875546951e-07 2.189804160242519493e-07 2.099817927570221114e-07 2.236753964316111208e-07 2.184819860833769596e-07 2.415583136869852996e-07 2.181052993627438507e-07 2.237800255480217877e-07 2.057922395120427597e-07 2.153115011586908872e-07
2.127958145336480767e-07 2.113377828464149436e-07 2.029386964195982289e-07 1.924744728215680383e-07 2.123508958441456333e-07 2.415583136869852996e-07 2.104670148908544076e-07 2.202469283937227816e-07 2.148886952344816871e-07 2.210038567657286819e-07
2.160415444550085333e-07 2.101897788573640958e-07 2.224034038406290233e-07 2.157881467476243664e-07 1.964090196377133032e-07 2.415583136869852996e-07 2.142763746826682280e-07 2.127349406283411100e-07 2.163592097090311391e-07 2.015630429355439031e-07
2.167522776821983570e-07 2.138914662414512041e-07 2.035609317709553000e-07 2.165166350193983303e-07 2.242175242982919137e-07 2.415583136869852996e-07 2.209588640062754519e-07 2.099717460218881263e-07 2.097805081768976492e-07 2.147413524900065582e-07
2.083097660504993784e-07 1.951112476704146682e-07 2.195372188551885369e-07 2.185280531268943931e-07 2.162278635857528250e-07 2.415583136869852996e-07 1.931188473519503666e-07 2.136353216170903887e-07 1.975798775276662719e-07 2.161932321706274057e-07
2.169412345233590119e-07 2.154514626788760190e-07 2.182143993354342743e-07 2.010952815116968935e-07 2.138316359936258207e-07 2.415583136869852996e-07 2.072065579415858768e-07 2.177153687179027472e-07 2.123648390357246281e-07 2.020391745619075713e-07
2.172201947183617848e-07 2.115515651694066401e-07 2.199120459003060474e-07 2.215318934657927453e-07 2.079927228802127357e-07 2.415583136869852996e-07 2.215043670039114432e-07 2.106237891692226471e-07 2.255902564164369451e-07 2.086930497519402049e-07
2.266244586622685374e-07 2.092525879168408617e-07 2.207721373328312806e-07 2.026770905660805273e-07 2.168921471106922886e-07 2.415583136869852996e-07 2.066658143454672508e-07 2.064850752158524432e-07 2.196170885231900719e-07 2.108343285621854740e-07
2.069831585642239576e-07 2.106500399054589832e-07 1.982245821756524870e-07 2.186735968761136068e-07 2.078421306478901654e-07 2.415583136869852996e-07 2.011196244724112681e-07 2.095601351909991982e-07 2.162630621507211176e-07 2.117748307077259590e-07
2.143814047041909808e-07 2.074646526670374601e-07 2.179136894981951451e-07 2.139728933545177673e-07 2.043597827551226610e-07 2.415583136869852996e-07 2.024839754245090015e-07 2.137792728256123364e-07 2.102759251597865606e-07 2.187390333059039882e-07
2.156050367936636798e-07 2.130806780717150741e-07 2.167705931489869630e-07 2.150853439882096194e-07 1.969505628622241131e-07 2.415583136869852996e-07 2.136235347359687808e-07 2.178800470715708972e-07 2.102686631388674354e-07 1.987014292469905406e-07
1.980111223097646120e-07 2.158810269090640429e-07 2.183068398541594016e-07 2.071825108211382293e-07 2.140626702619887165e-07 2.415583136869852996e-07 2.114969123081142726e-07 2.113190012435607686e-07 2.077688903121728914e-07 2.126529570995559856e-07
2.089187916518936846e-07 2.201967292086187813e-07 2.134488199700028343e-07 2.174010909348875863e-07 2.230663439497103545e-07 2.415583136869852996e-07 2.042133639210792674e-07 2.164468067948880805e-07 2.061205800297793574e-07 2.290025930695873915e-07
2.068302298554974170e-07 2.188712708557476209e-07 2.237675530263472399e-07 2.040446489724476021e-07 2.094573647317248080e-07 2.415583136869852996e-07 2.168878686443777476e-07 2.148986797485320659e-07 2.114296020503892424e-07 2.185225731190668823e-07
2.046349804444277179e-07 2.098774701016517406e-07 2.176111620747450800e-07 2.083742831854009582e-07 2.136285763119763533e-07 2.415583136869852996e-07 2.138219134324183888e-07 2.183419576311639406e-07 2.065463028200489515e-07 2.190253434028940976e-07
2.097070340168298869e-07 2.062431185631045723e-07 2.147383885134703186e-07 2.203515882502424387e-07 2.171035503694278003e-07 2.415583136869852996e-07 2.156630623900535405e-07 2.179609503098774012e-07 2.091003271531455236e-07 2.206415868408301036e-07
2.041600725111750328e-07 2.092496859394132918e-07 2.207255391056126563e-07 2.082477830438043420e-07 2.189240430157301753e-07 2.415583136869852996e-07 2.148201029403539949e-07 2.148283631274786335e-07 2.077709145095233195e-07 2.125793064531136168e-07
2.281888302371714733e-07 2.003522723692186710e-07 2.089551397670849835e-07 2.037729377717902867e-07 2.074117116190352775e-07 2.415583136869852996e-07 2.193150633343795097e-07 2.171119061642945822e-07 2.184156031931741265e-07 2.113570587188669394e-07
2.070415297595287469e-07 2.037494465399014576e-07 2.159843323798480046e-07 2.010309251713558120e-07 2.069341952023505177e-07 2.415583136869852996e-07 2.097813013829131793e-07 2.251629556761557347e-07 2.147367740943359915e-07 2.222610312991403667e-07
2.032698472295804657e-07 2.025144244053775399e-07 2.045936900086782489e-07 2.043260317335220944e-07 2.162185346889777531e-07 2.415583136869852996e-07 2.093709005502323482e-07 2.149027448479438252e-07 1.964163212548389973e-07 1.984136995033079955e-07
2.071467249170318824e-07 2.074940943622947208e-07 2.036739808840734414e-07 2.169956200033013549e-07 2.119030626292059062e-07 2.415583136869852996e-07 1.995827347474221729e-07 2.086208044286137884e-07 2.124487997100798007e-07 2.095016083563053883e-07
2.075909762984252598e-07 2.167439479524166488e-07 2.158730875328333693e-07 2.055283432123227174e-07 2.166051386781626594e-07 2.415583136869852996e-07 2.255029628311701366e-07 2.133973256889699845e-07 2.102926335895120958e-07 2.147540707842706987e-07
2.216931618538355486e-07 2.138288551237458808e-07 2.085465596055853152e-07 2.069710099284789640e-07 2.118466659961088998e-07 2.415583136869852996e-07 2.257396570452623784e-07 2.098894620473731922e-07 2.092171168056924030e-07 2.143771510532794639e-07
2.236685353176132644e-07 2.103607357432652223e-07 1.932971012487354166e-07 2.165237016918056243e-07 2.115887717071593984e-07 2.415583136869852996e-07 2.103048767442098738e-07 2.025559413507823121e-07 2.175982596082199493e-07 2.237199211181883853e-07
2.147097109497607872e-07 2.092401489312068931e-07 2.152289790873280424e-07 2.186106022303711870e-07 2.070204421794338437e-07 2.415583136869852996e-07 2.093558031038952205e-07 2.057619293744709568e-07 2.150406223664402487e-07 2.044610820721421402e-07
2.137280462006142491e-07 2.062007177372650083e-07 2.129709901748800884e-07 2.057828201277033385e-07 2.068204613309140406e-07 2.415583136869852996e-07 2.155001762968812568e-07 2.145865563265400604e-07 2.065172831348277828e-07 2.108866420591237991e-07
2.110549876287868736e-07 2.069792113546646737e-07 2.239948947587536127e-07 2.166182108585627948e-07 2.135930851076564214e-07 2.415583136869852996e-07 2.127584928163559183e-07 2.037984849139358628e-07 2.144911016922799026e-07 2.111063127957093199e-07
2.165761771125742786e-07 2.134161253529363550e-07 2.116499700378700917e-07 2.110833697866545860e-07 2.077557517322247195e-07 2.415583136869852996e-07 2.083978004503080465e-07 2.122251623502736024e-07 2.135492505145156408e-07 1.990849742239154598e-07
2.084805877956208365e-07 2.170686277231723450e-07 2.183744189319274611e-07 2.089285224290342753e-07 2.023542772049116287e-07 2.415583136869852996e-07 1.991643881129523999e-07 2.098709678533002232e-07 2.145068759455886978e-07 2.125139752290181560e-07
2.130132436937134038e-07 2.128781097035725458e-07 2.203238623890775273e-07 2.096639531640740196e-07 2.184369665090924190e-07 2.415583136869852996e-07 2.144375212009218668e-07 2.072064871480327213e-07 2.023800579220955360e-07 2.179668578724552313e-07
2.110132373237297963e-07 2.118802745347306324e-07 2.096107225027935503e-07 2.153472381294786928e-07 2.263207532128023996e-07 2.415583136869852996e-07 2.084237604264949230e-07 2.150919618311805358e-07 2.030658581075818542e-07 2.192869501521724343e-07
2.012671822775805021e-07 1.918798885579482644e-07 2.149728972296435217e-07 1.949155275948100155e-07 1.996998470500221617e-07 2.415583136869852996e-07 2.178066585365309079e-07 2.234839143039292092e-07 1.999571396092447227e-07 1.986313164303864486e-07
2.187862374592520233e-07 2.109503376793185687e-07 2.030438549159579253e-07 2.130800211489630750e-07 2.139395346054279683e-07 2.415583136869852996e-07 2.110937904452000440e-07 1.925420561732579383e-07 2.065778695355498554e-07 2.126136098570129128e-07
2.186482348230660329e-07 2.222975240679013542e-07 1.987693455614067195e-07 2.134020393060516153e-07 2.011272118974728289e-07 2.415583136869852996e-07 2.107663843947411360e-07 2.166156988679964587e-07 2.208535702776967892e-07 2.049437342550858513e-07
2.054394218013231147e-07 2.093809523754368175e-07 2.144979530626502701e-07 2.223803976243610293e-07 2.050490449733311707e-07 2.415583136869852996e-07 2.271979434959116375e-07 2.170370267184592766e-07 2.227962172939604004e-07 2.129309532977642460e-07
2.049971005465944485e-07 2.140353854910684538e-07 2.106987252471844978e-07 2.222825976500177952e-07 2.047885568760165079e-07 2.415583136869852996e-07 2.078341836079696328e-07 2.115792757066208877e-07 2.245331014112409665e-07 2.134675883489316530e-07
2.195849943146842231e-07 2.092841914052514137e-07 2.173937459799217187e-07 2.015545726575874540e-07 1.918236243627304216e-07 2.415583136869852996e-07 2.137785903169724539e-07 2.104229999146269182e-07 2.136201646112739152e-07 2.133863586763145990e-07
2.092208521849848856e-07 2.176583731628403957e-07 2.115130545926107264e-07 2.096428548183781863e-07 1.962711454760411663e-07 2.415583136869852996e-07 2.033122753359920358e-07 2.160360795371057475e-07 2.089524334317615052e-07 2.208684635982968269e-07
2.051498891533679164e-07 2.134601098835480400e-07 2.175685665804537007e-07 2.128998769197031670e-07 2.134026621255109201e-07 2.415583136869852996e-07 2.138645375846715370e-07 2.159487086149696332e-07 2.130090684402613954e-07 2.097000188682089736e-07
2.199718750703299951e-07 2.124592303538833218e-07 2.037113586817764141e-07 1.999061359587099038e-07 2.237771661527685853e-07 2.415583136869852996e-07 2.132642655020380473e-07 2.099836191913976067e-07 2.165175593545681459e-07 2.167403828793207876e-07
