2.006596906586053978e-07 2.069325169730503621e-07 2.244124102183108735e-07 2.031838321555308142e-07
2.140475853146215362e-07 2.130289611610394777e-07 2.240772434608707160e-07 2.259559821553537597e-07
2.180715257133689707e-07 2.241565017007864652e-07 2.234037448889954667e-07 2.063708602268414953e-07
2.113050271673037414e-07 2.168382672392158569e-07 2.032824743105091815e-07 2.108258290837531353e-07
2.084204081053396714e-07 2.139056301000432113e-07 2.155013377904889685e-07 2.153757815366097803e-07
1.954691434814871215e-07 2.196020734938449675e-07 2.216037652740222770e-07 2.224373040028661340e-07
2.177443525576979279e-07 2.220546467665579336e-07 2.209859596886039324e-07 2.043224942539254826e-07
2.134217325200451928e-07 2.124670846921746843e-07 2.117875805245159696e-07 2.065282166866430211e-07
2.173355868365216275e-07 2.184182922427663837e-07 2.137460594851306984e-07 2.062502945731427973e-07
2.044596728567165923e-07 2.215353326494088231e-07 2.183605136174811548e-07 2.076206956840079128e-07
1.811898270527242318e-07 2.061773161095430276e-07 2.104497611097105281e-07 2.223624633208346415e-07
2.072383771369438502e-07 2.080971730487182177e-07 2.067748301342260975e-07 2.075626296265319223e-07
1.982257781163905654e-07 2.227170733730242525e-07 2.078366125988035684e-07 2.012464779819268459e-07
2.255988792894052625e-07 2.161019179802022514e-07 2.087226658883429936e-07 2.052377567500297179e-07
2.223123749813669919e-07 2.143884306360924399e-07 1.951280628292597991e-07 2.126067317301767016e-07
2.160167150506744804e-07 2.157665364107497681e-07 1.984182886484054776e-07 2.113624100967093667e-07
2.103917610835927043e-07 2.106090120740675460e-07 2.097019877906917433e-07 2.216616708585865401e-07
2.088293542916721794e-07 2.197064278765545693e-07 2.082527581672403037e-07 2.139679984960600744e-07
2.117447794093528256e-07 2.191936646007074772e-07 2.080597675595020812e-07 2.204757751893624999e-07
2.087126875675926490e-07 2.146912168980126998e-07 1.969004709561628794e-07 2.156583862433869320e-07
1.915558280349374716e-07 2.237164581254761885e-07 2.176033384774639242e-07 2.036014270990953225e-07
2.007754097934947716e-07 2.101825853226829983e-07 2.101705952707475929e-07 2.202606049988969903e-07
2.109251666389573295e-07 2.140478009228215919e-07 2.162023412288711202e-07 2.098397915543142305e-07
2.173035544585211640e-07 2.226378776861177989e-07 2.170602039947176759e-07 2.175899808368201768e-07
2.138199897556573140e-07 2.152464345563779390e-07 2.175135252057496718e-07 2.049193224795449637e-07
2.179720249304773085e-07 1.983873289548655224e-07 2.082906212017452722e-07 2.114813669170742775e-07
2.144765236209468691e-07 2.224205752736264733e-07 2.148668814688962963e-07 2.185264712624443132e-07
2.213602661377360577e-07 2.180865584908062242e-07 2.088421238702351197e-07 2.088569971486352152e-07
2.067011109858804883e-07 2.048920574084539259e-07 2.172561790058016835e-07 2.223553525945872326e-07
2.205577890938180948e-07 2.084495027024446189e-07 2.089641371186774801e-07 2.163830003506723146e-07
2.166665734276781616e-07 2.196230759871361024e-07 2.298512740501158683e-07 2.122764077629770588e-07
2.103397313117579868e-07 1.888074831433336808e-07 2.078498783669166526e-07 2.192672782818770832e-07
2.018787846191556351e-07 2.193353309461203480e-07 2.117276207577029995e-07 2.091863353992915187e-07
2.044381664980999620e-07 2.044308772443993295e-07 2.047701454643526432e-07 1.918200399370639094e-07
2.033562727941922447e-07 2.222175522743162269e-07 2.015088042633526135e-07 2.154016433102600564e-07
2.017602922407645378e-07 2.087808226971255440e-07 2.122002846407567925e-07 2.212445965710704969e-07
2.059584069543365508e-07 2.105438806150389054e-07 2.076227302843885119e-07 2.141657703355213703e-07
2.241742399919129561e-07 2.145672557175305201e-07 2.100808313431411560e-07 2.250200354832474972e-07
2.115174027189034411e-07 2.191356864595681117e-07 2.179795270592972051e-07 1.996859381643788854e-07
2.057759436669204246e-07 2.141113451295645797e-07 1.971337372062228988e-07 2.017403918374914065e-07
2.196954988169517264e-07 2.164803703581604262e-07 2.197405729162616561e-07 2.107899129862920677e-07
2.221263664281498936e-07 2.144348826292766546e-07 2.202543888302045593e-07 1.987479815345833623e-07
2.243578139457358301e-07 2.209687041819819151e-07 2.119584989312505788e-07 2.141805529529900391e-07
2.190635095313762473e-07 1.884728296948048590e-07 2.151358822229579682e-07 2.090685512653475927e-07
2.074723828125637381e-07 2.175472935525259573e-07 2.221317774449953285e-07 2.102007670968903180e-07
2.211952973642897678e-07 2.174928138315887679e-07 2.143685784413212748e-07 2.057538142620203423e-07
2.144137301972770738e-07 2.172928034232771991e-07 2.267545088727583006e-07 2.008830361667265883e-07
2.140239098608181954e-07 2.163111334834323979e-07 2.130778592836139098e-07 2.219916918461492646e-07
2.090101887725797410e-07 2.151704052873100292e-07 2.164064138797596285e-07 2.105829494447905803e-07
2.159626420684143065e-07 2.028331070384995978e-07 2.186857709825102718e-07 2.224439069015135569e-07
2.209959985736467589e-07 2.213177058827069960e-07 2.104837990278396232e-07 2.226362124956745063e-07
2.116349817107026629e-07 2.003139485243596101e-07 2.126043017924149616e-07 2.087712424310399674e-07
2.120063132120511215e-07 2.036525634358315984e-07 2.018549978304742661e-07 1.979581383583062418e-07
2.147109886194560315e-07 2.086764548511786849e-07 2.115383684995128879e-07 2.014388298412874663e-07
2.130838929784203928e-07 2.130560857879073901e-07 2.025872962146635610e-07 2.054773776346635483e-07
1.888082805046335522e-07 2.124230180199167173e-07 2.005892413629371250e-07 2.092721526221025986e-07
2.165024785226007488e-07 2.120298569437813488e-07 2.128670574275818260e-07 2.049181363261443447e-07
2.022107828625429807e-07 2.174644801821857111e-07 2.107582917173806155e-07 2.007607862594999500e-07
2.124148621412589060e-07 2.146957122374174784e-07 2.130087927622358287e-07 2.155185059664456836e-07
2.205624600762392264e-07 2.147090680017682100e-07 2.099425004982815858e-07 1.950241627864693423e-07
2.198124974060938127e-07 2.074724325711755702e-07 2.203358295527277600e-07 2.168725410386931947e-07
2.170888345869066138e-07 2.160498394990214709e-07 2.160425039377710553e-07 2.031435773260899069e-07
2.060598619095504959e-07 2.138705714699996321e-07 2.128452420464817292e-07 2.136412408907770878e-07
2.061520885410367433e-07 2.201692160552835181e-07 2.231339410657361252e-07 2.183361964913292697e-07
1.977161882576290567e-07 2.337901352434213254e-07 2.098919629167194386e-07 2.258569936465892010e-07
2.244523047426640039e-07 2.302133827419280509e-07 2.275327769544097900e-07 2.141599552123861551e-07
2.165001347065588289e-07 2.140750129098560906e-07 2.111695977268383350e-07 2.183920986771725326e-07
2.180101117930901407e-07 2.126138762813008866e-07 2.244385793101586072e-07 2.193860554118220101e-07
2.132816191176477789e-07 2.237550785711603507e-07 2.196287149527267861e-07 2.073295959858515401e-07
2.006474147536726346e-07 2.068968894400368428e-07 2.127283033247179267e-07 2.158923953143002724e-07
2.138453914458502268e-07 1.960200513270839471e-07 2.294580086495025527e-07 2.183899699097794858e-07
2.141317616126056284e-07 2.181711171876371765e-07 2.135103702303216814e-07 2.095491539366727682e-07
2.035265023911472287e-07 2.237180217688305927e-07 2.161143110919175425e-07 2.164978118807967791e-07
1.992635302615250679e-07 1.912473358238640975e-07 2.040480539826981468e-07 2.059834441259964105e-07
2.010003900232170392e-07 1.988400670099507352e-07 2.082488488419496696e-07 2.199262392233336304e-07
2.140713316263731035e-07 2.205027918675883016e-07 2.082425656655645599e-07 2.119399104354641860e-07
2.134287450931514687e-07 2.176831327295678808e-07 2.117638150460701552e-07 2.214471211442254909e-07
2.147255425281055007e-07 1.964139509678535730e-07 2.111053035967685900e-07 2.134727578206828777e-07
2.186210113711933918e-07 2.258181243040917274e-07 2.046671489352638395e-07 2.019668827053824827e-07
2.110497794476886958e-07 2.086174663480595668e-07 2.123950035559394089e-07 2.145082589622902692e-07
2.073357113388371953e-07 2.226539094386080503e-07 1.965116180422742997e-07 2.021113698405851646e-07
1.894006873415767488e-07 2.129766663969069547e-07 2.052363328022803442e-07 2.215755531487757436e-07
2.171467091013285220e-07 2.138276749559843958e-07 2.117943724195939401e-07 2.167113008514369797e-07
2.231304823484083565e-07 2.174795224082698796e-07 2.303766990789096610e-07 2.159592882228917645e-07
2.215469991995540950e-07 2.093794672298637100e-07 2.076228998136249983e-07 2.170851804539977541e-07
2.091565810252532684e-07 2.165903358906654211e-07 2.180206858378567079e-07 2.123399437568022721e-07
2.280589354516986031e-07 1.994479438868155225e-07 2.113560112358189128e-07 2.148937939563798536e-07
2.173426882940836413e-07 2.197372478681032626e-07 2.174406255768236246e-07 2.148273785732759121e-07
2.024690986593568856e-07 2.038610595799412546e-07 2.048208609198002241e-07 2.101923716626238719e-07
2.025951799854520104e-07 2.105218112177609079e-07 2.201369386787925315e-07 2.260033388936141187e-07
2.109856094332350834e-07 2.156478650325182166e-07 2.184475014661826761e-07 2.032815937043843530e-07
2.256053351049763253e-07 2.119275769161282445e-07 2.137022676879789062e-07 2.156643269278871483e-07
2.068940366612404768e-07 1.941157031253767818e-07 2.137524232004334788e-07 2.024482585681247411e-07
2.050181249335851459e-07 2.158851924221802118e-07 2.012125878728089016e-07 2.070818511985079051e-07
2.019411301561995623e-07 2.010908146426040840e-07 2.254427535076780046e-07 2.227475249242782998e-07
2.204252694409771710e-07 1.999185572610030245e-07 2.028099440461864927e-07 2.129864730616508901e-07
2.074992038358425494e-07 2.125691096596147853e-07 2.134718855959659499e-07 2.161859864453966613e-07
2.176571078896120949e-07 2.115783769528601893e-07 2.106808131608173733e-07 2.298664848847143036e-07
2.081540381887387975e-07 2.068318020511285020e-07 2.209688433954215400e-07 1.964479213843195653e-07
2.261758877936429652e-07 2.145590507956009795e-07 2.146819604675714547e-07 2.114064708174350401e-07
2.026318726890727605e-07 2.207524017935435470e-07 2.090798172672800170e-07 2.127975295215465442e-07
1.956018614013427182e-07 2.077206591265682073e-07 2.122414223237381596e-07 2.197146194781045972e-07
2.259523118246014242e-07 2.135651508037288197e-07 2.204029352697689764e-07 2.189959749969872888e-07
2.119235942226330764e-07 1.987236057943811639e-07 2.033237139383176012e-07 2.200052782619947216e-07
2.272958743161367756e-07 2.110055502594521598e-07 2.143700570450209938e-07 2.175170608332727721e-07
2.206093873423862431e-07 2.236194101863108695e-07 2.171338016541189271e-07 2.237469376388370479e-07
2.270860081367217340e-07 2.067439478556741470e-07 2.112137731454056446e-07 2.163139040129789367e-07
2.169173643876910361e-07 2.105149909111838804e-07 2.184395250618749760e-07 2.157904913126453497e-07
2.133901402213224683e-07 2.144456627733344152e-07 2.076183936029598174e-07 2.170017019586784547e-07
1.968359638770998123e-07 2.004176358059415405e-07 2.179477985002541603e-07 2.108852013778077038e-07
2.091354106694765290e-07 2.158419579426997179e-07 2.145195102713199663e-07 2.066804389352028525e-07
2.208228497573001823e-07 2.210081614010307841e-07 2.097582518852416260e-07 2.126426694803243238e-07
2.154667801317587566e-07 2.203852994628690127e-07 2.049635291765197276e-07 2.143621613717453955e-07
2.184039720008627353e-07 2.081355461915868876e-07 2.177174811708015347e-07 2.028377569830746917e-07
2.168068258542591881e-07 2.122792243996242515e-07 2.110858732521783886e-07 2.041082624963742122e-07
2.004089474218972091e-07 2.101465432343623886e-07 2.049964674293771919e-07 2.120923723013498285e-07
2.091453312892247937e-07 2.005872308471804719e-07 2.180600454727030544e-07 2.222420457089064808e-07
2.074206902010813886e-07 2.225287269920924273e-07 2.054937885704230082e-07 2.122908794816246703e-07
2.142375710418736507e-07 2.146779884298662242e-07 2.186612755118193871e-07 2.118106580515602654e-07
2.088740908366281041e-07 2.205331850466924427e-07 2.088586007320617599e-07 2.286443104629703737e-07
2.107865709432612588e-07 2.180045258853349530e-07 2.232772211913735179e-07 2.236669039819778482e-07
2.128140309902357704e-07 2.165862571452413587e-07 2.168145614918180029e-07 2.145688708989672624e-07
2.278127326781795336e-07 2.093360262917650822e-07 2.194285195777364253e-07 2.081097708487150635e-07
2.092820757211537018e-07 2.210676114341157639e-07 2.127651833726169554e-07 2.004741666546162767e-07
2.143415203330423504e-07 2.159932249167109222e-07 2.109078696962074015e-07 2.127909302314070456e-07
2.208835272279916887e-07 2.095957986066997642e-07 2.234569215798854443e-07 1.977963519656983283e-07
2.142073795716462096e-07 2.115088851884195390e-07 2.053760278405050141e-07 2.138557556671094022e-07
2.070725741750808704e-07 2.173872532330322941e-07 2.180743464009094378e-07 2.232087287215143275e-07
2.196361682979355503e-07 2.126860906391212575e-07 2.167923765702726749e-07 2.048039454646672378e-07
2.173363149928491486e-07 2.101832814332728212e-07 1.926037629724140254e-07 2.184598373641877479e-07
2.138202804727650882e-07 2.235786696282065217e-07 2.046465926617952542e-07 2.007435076320280323e-07
2.164476645201131754e-07 2.173912577696546844e-07 2.180141843806495275e-07 2.167647859378178162e-07
1.980616003552606217e-07 2.109341487094758113e-07 2.002980691079406875e-07 2.255721533115625431e-07
2.033301076860720432e-07 2.092358247269979017e-07 2.149662973155132475e-07 2.009080267206627021e-07
2.098054739923582447e-07 2.127808045351607183e-07 2.079467683433375075e-07 1.989047385870178629e-07
2.097210342286458437e-07 2.141429394969371614e-07 1.999569818307386859e-07 2.078390462306993698e-07
2.080468153458453794e-07 2.172607425882809713e-07 2.136420799336157521e-07 2.099086184085280878e-07
2.034797435376097871e-07 2.134063681061843780e-07 2.084579452533407901e-07 2.209815407847488266e-07
2.285730413780370590e-07 2.172899397955075618e-07 2.190059240968506320e-07 2.199500843022978742e-07
2.052405317578154672e-07 1.958074864888980903e-07 2.190529494209278580e-07 2.108526459212492311e-07
1.900144276962618871e-07 2.140601426330942736e-07 2.104025721354748109e-07 2.160366154619182183e-07
2.058888046523716224e-07 2.034540505302351730e-07 2.088049458652753982e-07 2.301595988541686855e-07
2.060482874111528651e-07 2.032050634800830435e-07 2.097507415878428739e-07 2.136190956165409646e-07
2.247987037332966269e-07 2.074463018079779490e-07 2.144992871744873869e-07 2.052693582921180110e-07
2.153677493010048204e-07 2.128412153889909927e-07 2.197767344878076353e-07 2.081713148706934288e-07
2.071090386069702417e-07 2.146861318030616600e-07 2.032686525162285444e-07 2.190863677437353885e-07
2.085251455245610383e-07 2.043455431319319250e-07 2.123162970884062569e-07 1.993965836355990626e-07
2.164719844245454624e-07 2.129730008716032131e-07 2.117037449364288562e-07 2.190711153782218470e-07
1.960249876578690653e-07 2.106286148669329034e-07 2.120628460325321085e-07 2.303644176053416129e-07
2.139594341134627662e-07 2.182397925521541636e-07 2.252488773470921431e-07 2.168963444728935604e-07
