1.609710681815942124e+00
1.331018389304479133e+00
1.144368952691555030e+00
1.130574836087723467e+00
9.850355814132424337e-01
9.145201529109228122e-01
8.485108902822766641e-01
7.732864759462989568e-01
7.442442693946261789e-01
7.606477696462533578e-01
7.357121812510303283e-01
7.209975296864287175e-01
6.489652147057156650e-01
6.699437465962642113e-01
6.633482670116549462e-01
6.128276542151966932e-01
5.552223728397706060e-01
6.548347854983681549e-01
6.178824354537452157e-01
6.034340138820311061e-01
6.190468376430218189e-01
5.415194690894955531e-01
5.405498642977714097e-01
5.847834733476241498e-01
5.020462608028514184e-01
5.205138302942893258e-01
5.572939907714415941e-01
6.245523918956750187e-01
5.637729564509224023e-01
5.195446888359729343e-01
5.651228190323649425e-01
5.134714900829518980e-01
5.343567151951912342e-01
5.185007348746681899e-01
5.016186394555649519e-01
4.745492977334263562e-01
4.594293040617291046e-01
4.896300140786915556e-01
5.263042189274240723e-01
4.628060783497834341e-01
5.276294359206221696e-01
4.693689025034352147e-01
5.074660714810403928e-01
5.475641831183650776e-01
4.546711787506937941e-01
4.571910644817010483e-01
4.829320011601990759e-01
4.853209326580399940e-01
4.827463090636883725e-01
5.222685560326401077e-01
5.365486530487735273e-01
3.836691458929175069e-01
4.388076551537524184e-01
5.254087798201169113e-01
4.838540625091021785e-01
4.382430149757613469e-01
3.934480957071646579e-01
3.853391222604550803e-01
5.476487096706404989e-01
5.076148192556575456e-01
4.614629475697875627e-01
4.190143782993933641e-01
4.177921563001970040e-01
3.706974538930226659e-01
4.375249843020380669e-01
4.850868754828763230e-01
3.971729867481626486e-01
5.236960618119143041e-01
4.772237099389441961e-01
4.093271468983729622e-01
4.483807778593359439e-01
3.615801167692989093e-01
4.985186229379226508e-01
4.266485005415355802e-01
4.046613032072912119e-01
4.481120012874404424e-01
3.643572660995026413e-01
3.723274575769125461e-01
4.701058813515700541e-01
3.941037750130441664e-01
4.452239860076612210e-01
3.523825341085902729e-01
4.504011474680284510e-01
4.175715973465704001e-01
5.274581194994970579e-01
3.153431589458098872e-01
3.665216983182665311e-01
4.742234159335493859e-01
4.014777651027543470e-01
3.958055726226108462e-01
4.619590127866508023e-01
3.665568393221280141e-01
4.514392928135476657e-01
3.514017969856891854e-01
3.615178497150773329e-01
3.380875266822986336e-01
3.648198160053386374e-01
3.719860433140614875e-01
4.046974603092918232e-01
2.656984849457318942e-01
3.254807170139004668e-01
3.399559336251113395e-01
3.246730721682542509e-01
3.642990631598707063e-01
2.950741267679938273e-01
3.824394454883877081e-01
3.235951043856330478e-01
3.690417242245360718e-01
3.390642165519918150e-01
3.702868546710039177e-01
3.364876471348106635e-01
3.346063507806975590e-01
3.600563993238805049e-01
2.990182262445644779e-01
3.336492398299548690e-01
3.006653650111791309e-01
2.811357868332415855e-01
2.984388144401697307e-01
3.428218348032873175e-01
2.756837460062718792e-01
3.488253560845430146e-01
3.465782607678944416e-01
2.762746657958681240e-01
3.267043020211276572e-01
3.629873934392817136e-01
2.841321961991100653e-01
2.930104221178529422e-01
3.741716707937109421e-01
2.722151631849507591e-01
2.443006863899354342e-01
2.835401920692965927e-01
3.362187058968314490e-01
3.029711016070408269e-01
2.553294356338834947e-01
3.407271003702092016e-01
2.943848397359639657e-01
3.306739231431274906e-01
3.448792347375225775e-01
3.655536223867286716e-01
3.076825392886530786e-01
3.171502518499425549e-01
2.912398738714012669e-01
2.966254660833704815e-01
3.245792903758120684e-01
2.999411041337395334e-01
3.254589419428569053e-01
2.358633706632487503e-01
3.984308023577322611e-01
2.827230693579573795e-01
3.018563654109990835e-01
