1.705978832880655771e+00
1.390409495830535747e+00
1.233839275479316822e+00
1.275933564543723975e+00
1.128839620232582330e+00
1.026573961794376322e+00
9.570306529204050117e-01
9.258722374240557773e-01
8.623494413495063071e-01
9.032385480205217254e-01
7.613496143122515658e-01
8.369645970314740779e-01
7.087447327350575588e-01
8.074552172136805206e-01
7.180488930506012668e-01
6.527823603923120777e-01
7.500994131267070264e-01
7.275029471255838320e-01
6.943604982296625039e-01
6.245486346210042949e-01
6.046911161591609352e-01
6.506208841744810512e-01
5.576022427172089291e-01
6.097597454575200970e-01
5.615521076681713186e-01
6.007789869736879229e-01
5.199299535599226640e-01
5.211893781730905228e-01
5.515124624148011190e-01
5.097127238468577293e-01
5.158214110812793241e-01
5.280377798369154663e-01
4.743282871544360901e-01
5.012948040484140888e-01
4.506628351553033096e-01
4.719803690326710433e-01
4.779316294998861570e-01
4.947890612371265706e-01
4.934423876255751296e-01
4.837812968858827278e-01
4.662332951491698907e-01
5.301027738222231500e-01
4.685049712217102535e-01
4.922837363776440545e-01
4.023563650377715573e-01
4.514068229499584861e-01
4.726905702631920003e-01
3.890769985032578315e-01
4.347504981635138543e-01
3.997806210370424829e-01
4.311981481414598472e-01
4.457979403234397786e-01
4.168630948793142776e-01
4.279913278430079737e-01
4.149496670503479701e-01
3.910978257382909384e-01
4.128497915531819662e-01
4.144714396718579552e-01
4.349068936735080437e-01
4.540743037359789014e-01
4.383240759877177761e-01
3.486443468641179377e-01
3.930746606267057075e-01
4.172829939407140531e-01
3.848510524678664391e-01
3.527825022594382465e-01
4.837663592395449186e-01
3.604071691512751308e-01
3.919403231342634131e-01
4.070414954125104456e-01
3.678471531594792454e-01
3.543272499324133240e-01
4.091003337063206513e-01
3.541429078914224982e-01
3.890341109149157428e-01
3.340919992411509054e-01
3.522483383150150082e-01
3.250549395227183558e-01
3.466617448404430979e-01
3.149711905137324575e-01
3.224360167325163173e-01
3.234820042581607602e-01
3.366454793183754068e-01
3.377860070676543258e-01
3.047164562585142900e-01
3.281456371252424731e-01
3.213287924571585075e-01
3.579864604842538101e-01
3.844287886722013714e-01
3.266909181980105492e-01
3.539911757400259762e-01
3.704537231993551560e-01
2.911341169886291214e-01
3.446417252030223310e-01
3.390256289706254922e-01
2.945698197355183234e-01
3.625109216608107809e-01
2.980518596020216848e-01
3.062473601253393185e-01
2.955517032350568618e-01
3.082554753050208429e-01
2.745294403405860173e-01
3.595409450264026585e-01
4.251797986350331904e-01
3.632355453276541191e-01
2.955075857485644497e-01
3.485224919908990193e-01
3.417367801703512509e-01
3.257655867928794802e-01
3.337020789668895260e-01
2.855368213203425265e-01
2.747831896862480971e-01
2.696724075839543877e-01
3.383663965923867090e-01
3.392232797462493843e-01
2.712039518061404308e-01
2.503037815733503146e-01
2.961975180252144901e-01
3.377584057721930710e-01
2.645073825159730552e-01
2.760861715622401347e-01
3.019962044001246460e-01
2.417688981539879989e-01
3.153292778368729232e-01
2.959668074836955265e-01
3.137250585282066462e-01
3.342684085361737334e-01
3.105144199873320909e-01
2.872332892984461594e-01
2.708835593973053513e-01
2.457557643267015701e-01
2.595354488709320506e-01
3.008149690840703494e-01
2.832427723449654766e-01
2.368418296767243747e-01
2.956221674994255477e-01
2.680456837600407316e-01
3.266177539190200374e-01
2.457733731084736084e-01
2.819488490438088468e-01
2.886500217116748646e-01
2.627441319318022384e-01
2.746242054124983789e-01
2.818703223660122270e-01
2.554757833310092874e-01
2.744398179105871360e-01
2.633583148468945923e-01
2.945301109427819197e-01
2.308618422467261788e-01
2.687050678663266412e-01
