1.720869399507840569e+00
1.812885468867090122e+00
1.570426285498671914e+00
1.855278943479061082e+00
1.555435859858989689e+00
1.682886413163609429e+00
1.531376201212405919e+00
1.470959005521403462e+00
1.189391718349523064e+00
1.349506448258956048e+00
1.435972130625611909e+00
1.212114597629341706e+00
1.342170317802164226e+00
1.090493563134223409e+00
1.312746598618726335e+00
1.136669207434687134e+00
1.021199291939329568e+00
1.108116910962077428e+00
1.192201523052321521e+00
1.120490467749898134e+00
1.028840729987455571e+00
9.182063215712291671e-01
1.297945659110943506e+00
1.020334577169269341e+00
8.563817667122931576e-01
9.653906009247940068e-01
1.044073664698439652e+00
1.058204923833513389e+00
8.223738822589318209e-01
7.138130654932725028e-01
9.444742655754090332e-01
8.348557881979893347e-01
4.749019957219975940e-01
1.189745106088618609e+00
6.517357520495231649e-01
8.858379796230130276e-01
6.898643108007187497e-01
7.103974943473521098e-01
8.659985501940052899e-01
9.315543688502577746e-01
8.731812762914019643e-01
8.244356296873753820e-01
7.250393196573068355e-01
6.402340479412427232e-01
7.524250156367715547e-01
6.238561099436548130e-01
8.624668935696696570e-01
6.244866534475780329e-01
5.937823727892505010e-01
1.026067948805996055e+00
5.239728883157174222e-01
7.552984571358604127e-01
7.335263962360720758e-01
7.327627579420804560e-01
7.156535749603063490e-01
6.458680286801732340e-01
7.083862929293214261e-01
7.861569169542700353e-01
4.901237986878388964e-01
4.588040542680149048e-01
6.338529006122713971e-01
5.476942349569354773e-01
4.806627402452027797e-01
6.979013567485122804e-01
7.796979722442728411e-01
7.262556039614396219e-01
6.322378417652280147e-01
4.105414294404909903e-01
8.842598511113062276e-01
5.377632130780773956e-01
6.994186337367217510e-01
5.833507048752573088e-01
5.524461767139533519e-01
5.752273888296137727e-01
6.718509188721266678e-01
4.059889648149773156e-01
6.767300735807253442e-01
4.236407089005742033e-01
6.620547038506870985e-01
4.877690017554495161e-01
3.969014966102420439e-01
5.545675790199957600e-01
6.884915988457700475e-01
7.270811135482249110e-01
4.644401635276153573e-01
4.115753522352962324e-01
5.815982746735163245e-01
7.772141554892166848e-01
4.808183414222569896e-01
4.287675683218468703e-01
6.826265672943555574e-01
5.069127515407874096e-01
4.469172956681966014e-01
6.440547445576845220e-01
5.002145391407732955e-01
5.927131201213018397e-01
4.773953738394710600e-01
3.733817949158967364e-01
4.919431063239850244e-01
5.964090201206271313e-01
6.400146778892311650e-01
3.133920268019816935e-01
6.580646481104971413e-01
3.962294102566213949e-01
4.856105335549606994e-01
5.713134259960820360e-01
5.646723934379405119e-01
4.871845623483466170e-01
3.610279339986542935e-01
4.731710121783866962e-01
4.334554576014892358e-01
3.619118592100373233e-01
5.228027400154516835e-01
3.642028659584402028e-01
5.267588433276654269e-01
4.495653590559959278e-01
4.361458694883104670e-01
4.182190726438744233e-01
4.817497945911924373e-01
4.773191465262788813e-01
3.747674704229252418e-01
4.925582819170733484e-01
4.459151917411428023e-01
5.749180407691489858e-01
3.691039467677991737e-01
5.626450384995486109e-01
4.547883211096955813e-01
3.989867359714116546e-01
6.105651725451266554e-01
3.889461750744117596e-01
5.646107437358134362e-01
4.506284757054203061e-01
3.885534413246851670e-01
3.949117909021313544e-01
4.023399909949835762e-01
4.449563209526240515e-01
4.776839459464989335e-01
4.396461515307115708e-01
3.098398427024949275e-01
6.311101224144093358e-01
4.662056863230342185e-01
2.811437248423074853e-01
4.855835361639037062e-01
3.803787340337617118e-01
4.237368660510724139e-01
5.097814965936897647e-01
3.002448305522557037e-01
4.301909656434631524e-01
4.540631732023838185e-01
3.370475482684560098e-01
