1.767507618665695279e+00
1.765488316814104675e+00
2.439529534578324110e+00
1.873339907262060233e+00
1.864880634943644200e+00
1.668671186566352826e+00
2.084760542313257581e+00
1.546574304861327187e+00
1.627255748411019720e+00
1.464745826969543918e+00
1.590201757525404158e+00
1.903164815207322391e+00
1.167731763401792966e+00
1.735864253665010182e+00
1.661163659095764134e+00
1.500163142879803901e+00
1.283334612101316496e+00
1.132199360777934372e+00
1.460521001704037314e+00
1.267110876832157285e+00
1.788916799063639207e+00
1.384770711101591667e+00
1.032784791095182175e+00
1.758506461332241644e+00
1.370163145139813299e+00
1.002939589892824390e+00
1.762129190394964962e+00
1.377510020001791347e+00
1.324012129157781548e+00
1.425708654516686824e+00
1.167218497991561854e+00
1.833208185682693836e+00
1.228503779470920376e+00
1.145634847702458270e+00
1.083577989526093077e+00
1.084325059764087218e+00
1.161474306864353379e+00
1.447804106672605062e+00
1.509494495789210244e+00
1.033879649856438210e+00
1.635125795379281044e+00
1.027652668729424512e+00
1.543596802618768304e+00
9.705448337644337897e-01
1.229143814866741513e+00
1.018473994980255926e+00
1.146221427389730874e+00
1.349776849905028886e+00
1.252049891601006326e+00
8.459900874815259320e-01
1.279407454741497752e+00
1.921580157900849795e+00
9.589396315068003940e-01
8.752738499607787270e-01
9.961087865568698518e-01
9.874296179910502236e-01
1.213817446244259690e+00
1.691236387292543997e+00
1.119063213914632815e+00
9.110314406206212468e-01
1.167011188088605822e+00
1.220891025662421914e+00
9.140128662188846675e-01
1.514258553443165844e+00
9.384576221803824225e-01
1.138133355875809993e+00
9.780450603288286526e-01
1.221174763197777846e+00
7.954331363954892931e-01
1.083121987242872786e+00
8.194451987246672564e-01
1.002910877385487343e+00
1.160116112949326483e+00
1.211898401541014580e+00
8.038786708066861797e-01
9.218488795310258999e-01
4.911421636616190578e-01
8.150216966908839789e-01
6.630781811755150912e-01
9.301961277549464224e-01
1.079539407674844131e+00
1.310971289717902666e+00
9.100217233846585874e-01
1.358942332258447960e+00
8.017877313122152572e-01
9.318134210134546569e-01
1.766647547893226200e+00
6.834238243599731755e-01
1.035958290969331896e+00
1.163396787345409411e+00
9.174114795774220843e-01
6.878921148429315569e-01
1.263223394349527906e+00
1.092756181287113604e+00
9.668278423157363743e-01
9.941564899062116378e-01
1.049295075157036239e+00
1.032945069683094852e+00
1.135622785928038336e+00
7.518120946362614188e-01
1.293054403991231727e+00
9.016808628352979138e-01
7.228087480925023955e-01
1.067050924971699732e+00
1.143039887336393168e+00
9.277637322495382310e-01
9.475943492539226076e-01
5.873049340272943342e-01
1.150705226066832676e+00
1.236368107255548132e+00
6.427143057932457326e-01
7.710216512197317629e-01
1.042650960596899212e+00
7.959642898151650936e-01
1.044122629839306260e+00
8.646887072284394904e-01
8.909364505733053941e-01
8.577357386425136232e-01
7.929282520478591056e-01
8.984764938863614159e-01
1.047736857583125403e+00
5.478225618745152792e-01
1.152835934130707951e+00
8.254326216441889574e-01
1.093839357818166436e+00
6.679432046739385287e-01
1.029157040634502973e+00
9.136528380898137902e-01
7.208156052092089539e-01
8.936276373577614063e-01
5.816131349544351181e-01
8.212000811441489967e-01
1.085296474611386675e+00
7.252300222311169886e-01
5.038373041005494990e-01
7.150565702561288983e-01
5.339705655227106051e-01
9.923702967663604602e-01
9.806660665959739953e-01
1.278293436020612628e+00
7.817244726885110850e-01
7.825963832595151937e-01
4.459459073220689573e-01
9.404695359151811207e-01
4.267825224716216281e-01
8.839470559079201095e-01
5.878256257984322275e-01
9.585171696306982181e-01
7.352778967345755534e-01
4.977581262309104249e-01
