1.636505561868349945e+00
1.424849292688899371e+00
1.539528693311744245e+00
1.419158404005897989e+00
1.402479756451315396e+00
1.442447144385841096e+00
1.446789348077442749e+00
1.273041871077484455e+00
1.287126024249526823e+00
1.071912045627832155e+00
1.119723346663846097e+00
1.075992969835384061e+00
9.948824583896331841e-01
9.786998273970353157e-01
9.651760224600633986e-01
1.011750736996531286e+00
7.907628235326458199e-01
9.073011642146026068e-01
7.385069555588997803e-01
7.242139772822459021e-01
6.985454506865804714e-01
7.778240602028867468e-01
6.995804761430350904e-01
6.711491227041309626e-01
6.554089766173726295e-01
6.987733615681321897e-01
6.834865576660053010e-01
5.978742376031974670e-01
7.048269820461670054e-01
5.831893276497721601e-01
5.252355684152183457e-01
6.786933402750745525e-01
6.062664047020694946e-01
5.838834502904985957e-01
5.510508795847030017e-01
5.739156755510096408e-01
6.583108156925041587e-01
6.004631223117724570e-01
5.410768602877571443e-01
5.060127476097033838e-01
6.291011895373876950e-01
7.638596461849133101e-01
6.221236052233207747e-01
4.385091448302717021e-01
5.798059498506158427e-01
5.293477734343873253e-01
5.949235963146720652e-01
5.291058490218517596e-01
5.708647624857257075e-01
5.889655515005449704e-01
5.305585275729213235e-01
4.113400751116246257e-01
5.968323763017153727e-01
6.004010013384459832e-01
5.626698101826737020e-01
4.618086167321694968e-01
4.151305964424844008e-01
5.779042055538673450e-01
4.352804112313314877e-01
4.628011367173166524e-01
4.767429547399902878e-01
4.745279040700342565e-01
5.181487346212896306e-01
4.484436756694275550e-01
3.877547786256440587e-01
5.968379288241784097e-01
4.303123149218606724e-01
4.358870863126164119e-01
5.362027127780487623e-01
4.866049161625494723e-01
4.633116264496412451e-01
5.326519143414528701e-01
3.276243355595894746e-01
3.834993489373785258e-01
3.648430178358684772e-01
4.397521581276150893e-01
5.757511107346766632e-01
4.592684793371397123e-01
4.606448587447197762e-01
4.404360953885285701e-01
4.947992957768340139e-01
3.582282469392650270e-01
4.151466802720807925e-01
3.597709650459970376e-01
3.782009290598281614e-01
3.854247657747085776e-01
4.035736659898733203e-01
3.978402249500051502e-01
3.894221353085400850e-01
4.605090696160267782e-01
3.796913558875611439e-01
4.897471912511520142e-01
4.434445614457881990e-01
4.161850317482733708e-01
4.361050746468956296e-01
4.163346018772571822e-01
4.702723324234053814e-01
4.472028121702088521e-01
4.299538298882543685e-01
4.442385359299869663e-01
4.392070687721328359e-01
4.252213145732046118e-01
3.814036408268276501e-01
3.521907005820928416e-01
3.698913158644830945e-01
4.035013226540112852e-01
4.145129023139209612e-01
3.470895793644788729e-01
3.024057816828200074e-01
3.125611535456822021e-01
4.434515565526412351e-01
4.278414719180177461e-01
4.634939310562330439e-01
3.471525315040748239e-01
4.092860259884359420e-01
4.261694339199101345e-01
4.304664136638424732e-01
4.651657198906751778e-01
3.729864294726090712e-01
3.261912996325473935e-01
3.500766118742306143e-01
5.397586901672184467e-01
3.754154312170188135e-01
3.916252912966527444e-01
3.992240646989537178e-01
4.228292490949776550e-01
4.133119273129074456e-01
3.810580998015082321e-01
3.689206651439114193e-01
2.669898346840636760e-01
3.925818781177545236e-01
4.027991356321500294e-01
3.663900219100953981e-01
3.001854662892097236e-01
3.331540588647605716e-01
2.743377107343339394e-01
3.551457618630697866e-01
3.313277991854507998e-01
3.504244364898962960e-01
3.640765718978623555e-01
3.638055110121688474e-01
3.622439478259669166e-01
3.509967413030228855e-01
3.555486302088441408e-01
3.402171515587300021e-01
3.132331858093658772e-01
3.455005687484032917e-01
3.671720315188414796e-01
5.269466168363579062e-01
3.929512601109713121e-01
