1.553635725776354226e+00
1.759757942358652683e+00
1.760993014176686300e+00
1.606767049233118527e+00
1.613657821416854876e+00
1.901608517368634566e+00
1.671836968710024962e+00
1.418514758348464966e+00
1.587329416597882625e+00
1.442181795239448450e+00
1.707608562608559977e+00
1.189107500376800575e+00
1.542499486164500277e+00
1.190987524936596653e+00
1.439161107689142183e+00
1.371890669812758867e+00
1.259426124989986295e+00
1.266924616619944599e+00
1.220658640588323296e+00
1.403868097675343707e+00
1.213803421010573702e+00
1.112139178424452979e+00
1.357605424930031113e+00
1.170162224393182848e+00
1.665485901214803111e+00
1.052566950283944758e+00
1.067760155973955793e+00
1.541348529259363831e+00
9.736064923182128350e-01
9.910177695564927891e-01
1.129982884426911749e+00
8.354826253155864801e-01
1.080396831631660559e+00
8.376944401363533022e-01
1.060002248746653608e+00
8.122164504986721933e-01
1.450550218845407136e+00
1.009549189154058668e+00
1.099193550838778233e+00
6.089210546140868541e-01
9.527117246338943080e-01
8.263568665502438737e-01
8.918788576871156115e-01
6.767297101362298450e-01
6.972792358401541657e-01
7.599318102374673645e-01
6.009696770707767532e-01
9.214723477109025840e-01
9.987713368578502449e-01
8.184507473123570076e-01
8.805903766863047988e-01
1.015457873766620889e+00
1.123745690733194413e+00
7.910471109735468520e-01
6.668053136408950143e-01
7.198480600011922803e-01
8.131288323023667663e-01
6.928004527532418688e-01
7.829915510226662656e-01
1.090136006706549310e+00
8.105284768824155828e-01
5.921859313454479468e-01
1.143686156756400063e+00
7.046671925795574554e-01
6.482298180148547972e-01
9.134272448470195371e-01
7.183478454966099047e-01
5.820896988144764750e-01
7.308687328826635188e-01
8.651098043432770002e-01
9.372179094624394358e-01
6.782041634215663084e-01
8.268741630421330147e-01
8.925157420895996063e-01
1.106866451216240943e+00
6.175748453661799031e-01
8.230340064441163950e-01
4.802920419489964954e-01
6.591192827668661547e-01
7.767331768355021371e-01
9.080059535584104058e-01
9.489607641131927451e-01
6.715987442519205652e-01
8.018438096251336855e-01
7.899034703616052422e-01
4.305300205581200634e-01
7.130547437580146974e-01
6.110695225807527553e-01
6.854367031343281402e-01
5.182172176400975383e-01
9.149381522562665126e-01
6.506374227907508745e-01
4.723536498085982305e-01
1.011346306621174751e+00
7.576352774514816257e-01
6.695631536686172947e-01
6.039349693797217977e-01
8.359827208553903821e-01
5.012243438931180961e-01
7.006349017408988189e-01
6.173105178913101954e-01
5.814105882456837016e-01
8.947929452344153267e-01
6.507292447076178377e-01
6.795238800653411460e-01
1.018985034908788778e+00
8.384986479518314884e-01
7.363200547220186687e-01
6.134380172185289748e-01
5.778829964529723640e-01
7.249158658940966227e-01
8.450385097910959598e-01
1.009288922902196628e+00
4.349432332103606025e-01
6.613722564462417575e-01
7.210746165698704857e-01
5.968257620426206111e-01
7.098026357342798187e-01
7.074378924820726722e-01
5.030207256957266448e-01
5.308105322012367511e-01
6.890699215761074692e-01
7.128603451221715570e-01
8.258506309636868270e-01
7.145529534220501633e-01
5.906346154065491572e-01
6.674651011830429193e-01
4.363288616491384220e-01
5.860789867583662271e-01
6.347042033741794320e-01
7.735822993441737738e-01
5.970388260638961331e-01
7.666313283230798969e-01
5.596456729931136298e-01
7.220415898847083458e-01
7.280116492859087796e-01
7.347348305924484846e-01
5.369563703881190531e-01
7.185000767830448387e-01
5.014171782391592114e-01
8.280646902912607299e-01
7.424966334008299418e-01
4.696094032532225349e-01
5.761736274107048805e-01
6.395793212143082718e-01
5.235688460719151172e-01
1.184725762872645971e+00
5.333949174840624252e-01
6.177861654770093747e-01
6.159673190792090969e-01
