1.835699626141124696e+00
1.628449331521987897e+00
1.639447240796354066e+00
1.565727753440538716e+00
1.450367133220036742e+00
1.435137628946039579e+00
1.527019260028998016e+00
1.395285459856192123e+00
1.269180615395307576e+00
1.142684968478150154e+00
1.232071056183841495e+00
1.065539555980099529e+00
1.317880132752987876e+00
9.700148125489553852e-01
1.131370724224382007e+00
1.160097467394338500e+00
8.326000033484565188e-01
1.200356919910344766e+00
9.791015428139104859e-01
8.916970756505098183e-01
7.098912092443141475e-01
9.660904403672450069e-01
9.193693327510523705e-01
7.659266472193929642e-01
8.032454101203215791e-01
9.141871428298244950e-01
8.096572285973362426e-01
6.295800666800803747e-01
6.829008573624821832e-01
7.271148067428214734e-01
7.041111441851696240e-01
8.874835650167531842e-01
7.947263785255038737e-01
6.981493884832079555e-01
7.460972571590294145e-01
4.986628131249583040e-01
6.417114345315428903e-01
7.033148849952138848e-01
5.825864548668162612e-01
6.296248712442400475e-01
6.411106619650833727e-01
6.441976803788888040e-01
5.970696017063326089e-01
8.639501811926149077e-01
6.859734981672630516e-01
8.916843071005617904e-01
6.303567661531269684e-01
6.937779076547465618e-01
5.998879312387563889e-01
6.243180617275518873e-01
5.853642897421700297e-01
6.943656867011709366e-01
6.297371317818760694e-01
6.495328018390055247e-01
6.765329989770221264e-01
6.258480005775022281e-01
5.861119092716318146e-01
6.882572069081167587e-01
5.139981339082846379e-01
6.016377811489574956e-01
6.948962077462217390e-01
7.189874997895417952e-01
6.326715127096718128e-01
5.484368450133156880e-01
5.900299580415918621e-01
5.143733430503764081e-01
6.233007731029971410e-01
4.277332081449114476e-01
4.501717010088678306e-01
9.258435692808901774e-01
6.015134534684734025e-01
3.355463667371724190e-01
5.807495088637288916e-01
5.688362262711031958e-01
4.535132998773931945e-01
7.940985363949504272e-01
7.208374875680439997e-01
5.296349028849767215e-01
8.665871310223721702e-01
4.922970781480479618e-01
5.329198665114948108e-01
5.243101450236928862e-01
3.977411842630761973e-01
4.497702752600566956e-01
5.379039240561218627e-01
5.952570034718438485e-01
5.329048669278725336e-01
5.334593017660599346e-01
6.484631431687416514e-01
4.753663576849634365e-01
4.801081806845548527e-01
6.593173952048851927e-01
5.083721850677911380e-01
5.202477981778793614e-01
4.820144429255742158e-01
4.758304877092854879e-01
4.468626048778080451e-01
4.877633134813773030e-01
6.234053090666161756e-01
5.915203092060984380e-01
4.694930962362559579e-01
5.347586323445041590e-01
4.638004961713321217e-01
5.538865077663730485e-01
4.267141743532071319e-01
5.429024031021011387e-01
5.436448551704071708e-01
3.888254884539896206e-01
4.996405113009839138e-01
3.743445681736596864e-01
4.900476039443876775e-01
3.330469840878828025e-01
4.401572111862090964e-01
4.454745327479516237e-01
3.891717768866672089e-01
4.355865517351776850e-01
5.131575172932610895e-01
4.565650893558954593e-01
4.592757639785607360e-01
4.492274641506891486e-01
5.019681470184069738e-01
4.350692935551826457e-01
4.846150955614737521e-01
4.062299873907532222e-01
4.730769631580915013e-01
4.714654461480677350e-01
3.125584184606042260e-01
4.867427398274755679e-01
5.209407982169389495e-01
3.593451061295086513e-01
4.069437824761392153e-01
5.364669186329572570e-01
4.525663590429919170e-01
3.555699481758509140e-01
3.363065297626113836e-01
5.311014905725863766e-01
4.833289396669716576e-01
3.716479708780793256e-01
4.107236713884049872e-01
4.115618479393499674e-01
3.422869187709875471e-01
4.496747357305138637e-01
3.082820941982531981e-01
3.587046177548149362e-01
3.519551689775995973e-01
4.429065616424971985e-01
3.170883693433521611e-01
3.538136165979731684e-01
4.197153477078406913e-01
5.060149067530357314e-01
