1.775054529507954726e+00
1.342553793854183608e+00
1.179825000166892845e+00
1.076017474200990476e+00
9.777459802892473073e-01
8.995885958108637004e-01
8.388719135605626764e-01
7.972482663144668802e-01
7.557138712704182248e-01
7.277628915922509378e-01
6.925205548480153350e-01
6.720081652618117296e-01
6.456435247841808556e-01
6.237391652953292454e-01
6.066316366526816051e-01
5.872913347557188191e-01
5.700120784218112302e-01
5.555967685124940658e-01
5.411651290083925314e-01
5.293901939834986248e-01
5.162613529856835415e-01
5.066053835726861410e-01
4.978375288088702222e-01
4.859907320172836553e-01
4.735408039763570054e-01
4.662276847546712455e-01
4.614074538544648552e-01
4.468681773181176764e-01
4.422929709570275203e-01
4.329761813818994165e-01
4.308154722220368105e-01
4.249200507129232696e-01
4.151858361189564306e-01
4.113779665731513435e-01
4.048581107410912372e-01
4.015832759507206862e-01
3.935688487717157735e-01
3.889494029220400551e-01
3.848669793187744492e-01
3.770131686210839161e-01
3.716620875137030544e-01
3.730642947865028813e-01
3.640079644907058820e-01
3.627834359809963272e-01
3.587653549483770243e-01
3.561145555367692950e-01
3.506365286486430310e-01
3.463473735108143492e-01
3.425330499800232631e-01
3.406207055081096335e-01
3.364610616997298909e-01
3.294892766335073553e-01
3.294188720730339970e-01
3.272969265709010367e-01
3.233751482387176579e-01
3.192114826981236608e-01
3.157984748697425514e-01
3.177152973219441456e-01
3.109432427943424893e-01
3.099920594750438241e-01
3.050359391955943522e-01
3.049182175687100704e-01
3.042551984147737754e-01
2.990760687045338484e-01
2.978742234930137345e-01
2.988892255484986715e-01
2.946913374010990405e-01
2.898560178802452314e-01
2.861133761240893247e-01
2.853690204395550323e-01
2.832330064112708601e-01
2.822178917922105734e-01
2.786919741566008524e-01
2.787046652071228925e-01
2.763429507052124756e-01
2.720109221287485557e-01
2.716843532764080527e-01
2.707938689661871789e-01
2.657346681274551647e-01
2.694894506812690604e-01
2.624286655226670817e-01
2.662627398876874496e-01
2.598591154473898213e-01
2.589301155312730973e-01
2.562002497893991482e-01
2.552720858946203597e-01
2.562111972366498680e-01
2.498663776926049740e-01
2.535687616294146074e-01
2.462383620692546182e-01
2.479771604993988576e-01
2.411086964423884427e-01
2.443761519744616917e-01
2.417617203153753780e-01
2.403750353967835651e-01
2.387057189288962766e-01
2.368378369497238789e-01
2.344658810047177688e-01
2.343399816164552507e-01
2.294716240800658280e-01
2.253543298423432151e-01
2.274511407076675318e-01
2.266229882759580039e-01
2.256336114089774192e-01
2.214809697146766787e-01
2.231299650752043839e-01
2.188756727138550517e-01
2.176166921157629552e-01
2.185202373889640060e-01
2.153205045217247149e-01
2.184691538743694095e-01
2.117222311219948971e-01
2.125446997778393798e-01
2.109377433179825956e-01
2.117871284946077903e-01
2.082407168381420759e-01
2.062307311537167620e-01
2.063803023392069280e-01
2.038894229665068336e-01
2.061466094548308481e-01
2.033777446343123518e-01
2.004619113838594091e-01
1.989051318306115090e-01
1.962344804644776952e-01
1.983369970280748351e-01
1.972406771984565599e-01
1.927957399863569621e-01
1.916015569979046540e-01
1.953530281979167227e-01
1.883034224975482229e-01
1.903785173160172928e-01
1.904895526018582363e-01
1.871728600240527007e-01
1.843139240709165683e-01
1.867713978717964185e-01
1.828644820711370911e-01
1.831856509656871468e-01
1.821128895258496416e-01
1.800607561022237180e-01
1.783950027927009296e-01
1.775652288234333409e-01
1.762134881652774321e-01
1.776235181031046995e-01
1.731697739492827071e-01
1.752096002478507886e-01
1.703845647677290909e-01
1.684372293538394794e-01
1.712991781004327696e-01
1.707812973373478704e-01
1.692915194328068196e-01
