2.301784812609354525e+00
2.301522511641183932e+00
2.301855757236480837e+00
2.301606339613596397e+00
2.301784884134928433e+00
2.301797516345977623e+00
2.301825584570566630e+00
2.301754767100016696e+00
2.301828847726186122e+00
2.301741037368774556e+00
2.301706520716349402e+00
2.301569800376892072e+00
2.301734960079193204e+00
2.301649495760599962e+00
2.301660153865813907e+00
2.301802142461141010e+00
2.301730863253275583e+00
2.301899760564168229e+00
2.301794572671254535e+00
2.301776054700215735e+00
2.301799762248993186e+00
2.301729070345560846e+00
2.301834107240041227e+00
2.301638611157735159e+00
2.301853618621826136e+00
2.301673828760782747e+00
2.301799359321594185e+00
2.301722780863443951e+00
2.301764465967814033e+00
2.301815329392751241e+00
2.301927721500396817e+00
2.301594572067260813e+00
2.301677473386128714e+00
2.301696035861968692e+00
2.301793514092763893e+00
2.301775213877360393e+00
2.301595971584320388e+00
2.301723446051279431e+00
2.301731874148051027e+00
2.301751546065012199e+00
2.301805454095204873e+00
2.301727841695149657e+00
2.301779161294301268e+00
2.301679510275523199e+00
2.301737365722655859e+00
2.301770250002543428e+00
2.301841104825338213e+00
2.301633624235788655e+00
2.301663552920023115e+00
2.301537319819132232e+00
2.301626312732696356e+00
2.301718660195668953e+00
2.301686923503875715e+00
2.301689774990081983e+00
2.301574384371439130e+00
2.301791081428528063e+00
2.301753277778625595e+00
2.301768933137258166e+00
2.301842150688170996e+00
2.301660268306732426e+00
2.301693481604258462e+00
2.301784236431122288e+00
2.301758445103962991e+00
2.301706689993540778e+00
2.301778902212778810e+00
2.301677989164988336e+00
2.301679668426513281e+00
2.301604399681091095e+00
2.301571006774902450e+00
2.301686539649963503e+00
2.301705770492553871e+00
2.301669855117798313e+00
2.301599907080332574e+00
2.301777104536692597e+00
2.301717875798543034e+00
2.301798112392425377e+00
2.301809403101603202e+00
2.301651409467061260e+00
2.301827299594879417e+00
2.301700404485067075e+00
2.301889742215474488e+00
2.301864673296610597e+00
2.301917628447214703e+00
2.301647353172302068e+00
2.301812082131704074e+00
2.301661860942840754e+00
2.301793780326843564e+00
2.301810097694397150e+00
2.301682016849517787e+00
2.301709774335225500e+00
2.301752754052479588e+00
2.301711446444193676e+00
2.301558567682902456e+00
2.301693747838338133e+00
2.301660792032877545e+00
2.301728169123332002e+00
2.301627231438954535e+00
2.301602913538614903e+00
2.301715511480967091e+00
2.301877160867055405e+00
2.301860959529876460e+00
2.301727602481842272e+00
2.301573892434437774e+00
2.301638849576314261e+00
2.301528763771056862e+00
2.301628258228302304e+00
2.301693613529205429e+00
2.301780637900034510e+00
2.301802818775177339e+00
2.301796219348907435e+00
2.301758842468261790e+00
2.301763059298197245e+00
2.301591428915659598e+00
2.301747130552927345e+00
2.301881724198659107e+00
2.301839652061462349e+00
2.301772174040476404e+00
2.301668132940927869e+00
2.301738402843475306e+00
2.301694038709004353e+00
2.301863902409871265e+00
2.301690882047016995e+00
2.301621063550313373e+00
2.301731982231140172e+00
2.301582805315653069e+00
2.301721745332081959e+00
2.301720845699310125e+00
2.301735923290252561e+00
2.301811231772104005e+00
2.301801586151122958e+00
2.301746580600738223e+00
2.301743010679881074e+00
2.301633930206298917e+00
2.301840027968088620e+00
2.301796406904856429e+00
2.301759810447692622e+00
2.301645747820535881e+00
2.301720115343729223e+00
2.301651546955108429e+00
2.301555085976918491e+00
2.301760431925456096e+00
2.301636605262756596e+00
2.301791530450185252e+00
2.301611533164978241e+00
2.301804605325063147e+00
2.301909639040629507e+00
2.301658836205800363e+00
2.301633523305257167e+00
2.301821009318033795e+00
2.301587365468342750e+00
