1.659066521485646817e+00
1.299570849736531475e+00
1.205277230739593586e+00
1.129669980307420163e+00
1.046798606355984873e+00
9.745176367561020347e-01
8.976762362023193997e-01
8.365873783181111412e-01
7.846974698565899464e-01
7.444910050158698445e-01
7.123365139390031020e-01
6.876251897004743707e-01
6.587861197696376347e-01
6.353304749857633382e-01
6.154655269244686533e-01
5.965028772264097112e-01
5.760858710723307796e-01
5.660326127236864346e-01
5.537828916398188639e-01
5.364627592546554746e-01
5.228877855425234644e-01
5.172805351668503526e-01
5.003565919883160573e-01
4.943660798976973747e-01
4.845986041131740696e-01
4.763132396751704745e-01
4.672040783559593402e-01
4.605628955243543099e-01
4.548233697018974064e-01
4.453454255339844847e-01
4.436607234896315366e-01
4.327014024632905853e-01
4.291945076290867300e-01
4.210666604878691710e-01
4.190984911192984219e-01
4.093695698092149060e-01
4.049343406422606373e-01
4.033585567291204654e-01
3.989806444460021195e-01
3.937967832066351925e-01
3.882065308651460045e-01
3.875944725604882901e-01
3.843889994795123277e-01
3.802281472817995445e-01
3.734513261068301837e-01
3.726557230148270228e-01
3.699423746963730331e-01
3.661469069667315779e-01
3.641432768001299225e-01
3.601364216657627071e-01
3.551437507468896415e-01
3.535761335088949409e-01
3.467597794664712962e-01
3.480991501877627736e-01
3.465199544571223589e-01
3.401936667979074125e-01
3.386050163954398839e-01
3.358005255659615163e-01
3.346266231887081721e-01
3.320645373836547676e-01
3.272978248067665574e-01
3.255659017922202247e-01
3.226470922042499745e-01
3.219004546007102618e-01
3.172052230481058333e-01
3.138526524372476922e-01
3.130392902841558911e-01
3.105886631922912811e-01
3.084685065321003949e-01
3.060157028796383627e-01
3.057893312011728537e-01
3.023565390725465596e-01
3.004937820717071828e-01
2.947676686976726246e-01
2.959539071135223187e-01
2.966763096946136713e-01
2.918710344977250015e-01
2.865527896174850375e-01
2.861347418634686557e-01
2.853096245593818581e-01
2.803898806806149890e-01
2.775978259190063913e-01
2.793149202056616764e-01
2.738176732116940904e-01
2.737292838474580381e-01
2.710351210736358651e-01
2.696744612177911504e-01
2.685232078721747073e-01
2.660770278346802353e-01
2.644981762495784983e-01
2.606854037075147512e-01
2.600853250958413687e-01
2.587143259424483643e-01
2.559095424920960760e-01
2.555441623758136216e-01
2.525904651006081747e-01
2.528828066010804232e-01
2.540593092186026469e-01
2.494239258949140781e-01
2.460752076284115630e-01
2.497684038159398712e-01
2.481702703077268701e-01
2.449177820312907206e-01
2.463768951520323713e-01
2.401703761489673850e-01
2.380740348761125058e-01
2.365796578033672048e-01
2.373468342806251685e-01
2.360967733388291134e-01
2.337647899347357061e-01
2.343415549801817765e-01
2.325916143126475488e-01
2.308441207392607220e-01
2.282747619464935429e-01
2.283904362622415363e-01
2.242642324018136735e-01
2.246842846178333242e-01
2.232154359715302072e-01
2.234017554171053577e-01
2.266187321275938138e-01
2.245783238975951890e-01
2.210705289349813862e-01
2.199332654491590877e-01
2.213719071481415612e-01
2.206230056305842346e-01
2.204613111385745616e-01
2.173343606663305505e-01
2.151777903829061034e-01
2.127775993215958450e-01
2.160055280904829011e-01
2.114869707989273651e-01
2.102758546426000130e-01
2.097962944195412016e-01
2.098777964313048583e-01
2.095642516299461300e-01
2.092741086193564137e-01
2.083239699751817664e-01
2.060468917147567081e-01
2.035539241374451080e-01
2.053524671454701189e-01
2.064239679173333619e-01
2.044900960019149228e-01
2.038148130951837056e-01
2.030701276070903949e-01
2.019318727143836478e-01
2.024988151848957085e-01
1.997895045388722868e-01
2.016916669244528948e-01
2.011430765523982700e-01
1.993561266621885486e-01
