1.593486157556375016e+00
1.415778431435426032e+00
1.408372840027014350e+00
1.232877201974391657e+00
1.194990880232718267e+00
1.124013716936111518e+00
1.183306978091597461e+00
1.049198320618520253e+00
1.086988791570067558e+00
1.063815980315208520e+00
8.424541370434066589e-01
9.214776732809839555e-01
7.738121801782399389e-01
8.037247456454981176e-01
7.606783983459075582e-01
7.822094530003765867e-01
9.023342921445147713e-01
6.509763761867459753e-01
6.109914608635008682e-01
7.246640789316345366e-01
7.855308137511214372e-01
6.373956372259804715e-01
6.701272390082788633e-01
6.992341742453476172e-01
5.981002993993460581e-01
6.763426726367325337e-01
6.149481324243049052e-01
5.858500474081373977e-01
5.986485693342983305e-01
6.054199935725579351e-01
5.857974282265349109e-01
6.251299415710382945e-01
6.302546460004911921e-01
5.666809184861680837e-01
5.751298918294099893e-01
5.960377169209531978e-01
6.114902257862396828e-01
5.764915377770860605e-01
4.861127802360181716e-01
5.380339196776040556e-01
5.115278577629942536e-01
5.037545032495012176e-01
5.365983607104668485e-01
4.940784822435427825e-01
5.412806069563764755e-01
5.400293574979684319e-01
5.103815258865554982e-01
4.921615873699516364e-01
4.973017820753544704e-01
4.296087801253695160e-01
5.147276642809156533e-01
4.784001779917161912e-01
4.558674379957373679e-01
4.215259252712518223e-01
5.404729685808997708e-01
4.398796902463460445e-01
4.919385108719580013e-01
4.917569166102135902e-01
4.557879232893077281e-01
4.396355263020474413e-01
4.923672781797746589e-01
4.438791834439616002e-01
4.760068150168904610e-01
3.899115959253783847e-01
4.939828763745415796e-01
4.298130169668130662e-01
4.386369435526430438e-01
4.471634148427595656e-01
4.724189785927300766e-01
4.086783532220481518e-01
3.909250310912611437e-01
4.201508124333340755e-01
3.648539299091013710e-01
3.292484641832221781e-01
5.294697301050377281e-01
4.097105287200150658e-01
3.517708621819813919e-01
4.220881099331503239e-01
4.027764123740295577e-01
4.059690654037597102e-01
3.806278575359223204e-01
5.243352024545311352e-01
3.360411796929935191e-01
4.577992481700300376e-01
4.502539980592361601e-01
3.814806971019133464e-01
3.837322381832928286e-01
3.975101040239290562e-01
3.377380206257027395e-01
3.968379418811915360e-01
3.723872553964998611e-01
3.727621228438802725e-01
4.494293977222729164e-01
4.899409381245107831e-01
3.497880135340771801e-01
3.777214738100204694e-01
3.878626571505446874e-01
4.580797930248082794e-01
4.020008796017306985e-01
4.144327380556302454e-01
3.991836246675423694e-01
3.222452308146748212e-01
3.969246636206129053e-01
4.463036749257395241e-01
3.276741570969656236e-01
4.066404272380362839e-01
3.904503784459084637e-01
3.807060351627684636e-01
3.076143478435309775e-01
2.968033762002305620e-01
4.779188639231748970e-01
3.619283326763349518e-01
3.867798869212468738e-01
3.201718140169201865e-01
3.198805666976453077e-01
3.746067949382704265e-01
3.481603360438020323e-01
3.953824412187484372e-01
3.382663737914020641e-01
2.903383525924809194e-01
3.364139092085048355e-01
3.648579694892589709e-01
2.829885756566395960e-01
3.503339158326464475e-01
3.062450098620708161e-01
3.137942004899668680e-01
3.240697700882948507e-01
4.129471344633105501e-01
2.845334799685709237e-01
2.678811294533208764e-01
3.291126711053334875e-01
3.071166927091641408e-01
3.146996331204621744e-01
4.119048944360983455e-01
2.580890537108837535e-01
4.013636742607681329e-01
3.502013123982275489e-01
4.034293379784794631e-01
3.629866602198841830e-01
3.484233821041513579e-01
2.850421700044243889e-01
3.874825802658596885e-01
3.476983443777620364e-01
3.367595540976423552e-01
3.240296394969045535e-01
3.232361108398181249e-01
3.317952254598429684e-01
3.582302942455862782e-01
3.166517243116007685e-01
3.146305754941034483e-01
