1.692422377864519989e+00
1.521919018891122910e+00
1.667835699650976222e+00
1.461386040515370022e+00
1.206769038968616092e+00
1.515740449561013392e+00
1.224469444089465675e+00
1.233685401082038835e+00
9.781243021289508510e-01
1.071780131192257013e+00
1.000275243255827284e+00
1.038901431920627783e+00
9.722731603092202857e-01
1.055055383834988092e+00
9.426630554348230939e-01
1.198832490861208688e+00
7.724913378597961788e-01
8.602219380107190005e-01
1.100125668081972430e+00
9.084891497447259434e-01
8.051477319954170042e-01
8.621950025740080514e-01
7.778118733916844496e-01
1.214731904941662721e+00
6.952243619950280173e-01
1.009586296313338849e+00
8.722954794487709496e-01
8.640863187828411451e-01
6.437551264296701437e-01
9.491893259937771443e-01
9.148927007720987215e-01
6.787429841801835284e-01
7.038329687458463324e-01
6.687133272219865088e-01
7.645990273770358892e-01
9.031513389220668930e-01
6.596655855576196714e-01
7.373834640548253549e-01
7.531823741168612862e-01
9.554218730351164979e-01
9.192892459448840370e-01
5.054410908981743500e-01
6.480607478713823477e-01
6.670957770405543386e-01
8.018499660947255858e-01
7.694758361722860984e-01
6.342133379161046802e-01
6.633298350346741312e-01
6.192107901795922409e-01
1.046749652666039809e+00
5.590389411834377764e-01
6.772811525423700907e-01
7.531433303443029192e-01
6.494541931568529325e-01
6.209256474523701108e-01
7.730138158611953303e-01
4.810663589700642229e-01
7.163130825199186535e-01
6.082437912354038412e-01
7.295608702724954986e-01
6.403512148703965901e-01
5.878249263434877081e-01
7.466064797672959941e-01
4.854435773592236103e-01
4.528700676560402094e-01
5.849839238956985321e-01
6.809288970681115494e-01
5.448707539758956830e-01
6.247467079023933945e-01
6.556209291290077124e-01
7.035141604197108212e-01
4.900005327245323672e-01
6.819331221074229621e-01
6.595274606577328225e-01
6.182785616895288827e-01
6.697992356546456083e-01
4.343592022788814733e-01
6.334014874298331543e-01
5.491502648545429910e-01
6.854411377928529836e-01
4.935401732753962878e-01
7.571420155302621691e-01
4.776827564276754923e-01
6.058751628087419849e-01
4.956857351707810722e-01
6.173914684660525287e-01
5.621321318204152151e-01
6.571489323572153873e-01
5.222731197594354668e-01
4.689310649792767793e-01
4.075339751778584985e-01
6.705326291220262691e-01
4.809247957294185971e-01
5.479407781004231870e-01
5.049676694053535364e-01
5.698229381605051103e-01
5.634991058536493735e-01
4.924351872317493384e-01
4.140004005971261725e-01
5.317474879955665923e-01
6.124363499491786156e-01
4.106491132491888463e-01
3.791575527729259543e-01
4.314086868218146020e-01
6.995476277149281774e-01
5.861464925303072615e-01
5.091298789173985817e-01
3.568992287458645496e-01
3.880175056177863624e-01
5.684639377966393958e-01
4.833107813582238066e-01
7.358470322874686165e-01
4.244371027592569456e-01
6.783423941541049107e-01
4.813903791881683492e-01
4.828394530267299811e-01
3.818116913906609011e-01
4.528490950467271570e-01
4.247757662923282718e-01
6.608104974385866637e-01
3.403997275301824943e-01
5.831975439136536377e-01
5.116605823331823455e-01
5.683699579190255591e-01
4.053610730190606581e-01
3.575580326664364872e-01
4.306374371119051081e-01
3.754142488381411735e-01
6.254214690853324710e-01
3.436931877215910203e-01
4.627997181371837354e-01
4.288525375113305671e-01
4.783881598379877143e-01
4.345069915527064452e-01
4.863133334412446662e-01
3.485698732295875457e-01
4.192237341165956366e-01
2.740530296731998883e-01
5.055463590392739182e-01
4.494128467674858851e-01
3.338202934635854935e-01
3.476819206879655511e-01
5.418540870641461726e-01
3.897584738457549602e-01
4.031474807349473832e-01
4.291191433523716681e-01
5.027012315806415055e-01
3.891052180648936765e-01
4.152840142867837980e-01
4.220263022670729391e-01
