1.650596303410000187e+00
1.327736995220184513e+00
1.488518497016694919e+00
1.362246253357993098e+00
1.387044936484760793e+00
1.096482544971836948e+00
1.365471632124649393e+00
1.013278240627712545e+00
1.086578480092187604e+00
8.724374021175835825e-01
9.843322476786043884e-01
8.206258829890025197e-01
8.073150582828867439e-01
1.053947305287131098e+00
1.041595116398400744e+00
1.060545001294877832e+00
7.439613119430010801e-01
7.353383879177272098e-01
8.689415367651317501e-01
6.837471825062918507e-01
7.572513830824754155e-01
7.268433956636324300e-01
9.337036414858369548e-01
7.290096244627297661e-01
5.653917875358214218e-01
7.558793417762758038e-01
8.282536018287969259e-01
7.183658136665407312e-01
8.843125607259569865e-01
7.005769112452658876e-01
7.225164960298894323e-01
8.054270759690552728e-01
5.444874477282994896e-01
6.147868738727022553e-01
6.280315822174047380e-01
5.962457833801292351e-01
7.406625537036194418e-01
7.227854735011028930e-01
8.121913753532700175e-01
5.383307557237438923e-01
7.792288274612897414e-01
6.104447348643508020e-01
6.842871551550666620e-01
7.507004406528235974e-01
5.319632923530621671e-01
5.029129327342121147e-01
6.930776425057814105e-01
4.970722027040190838e-01
5.878789311574977861e-01
5.592386347888451681e-01
6.511651687205043393e-01
8.147609981553006753e-01
4.787612680247466668e-01
5.187799776924981732e-01
6.466736196832627570e-01
6.930590756765255822e-01
5.980797057060731614e-01
6.521698717607391504e-01
4.473778008131517048e-01
5.615223858919409228e-01
4.738528583920560422e-01
4.319270628589826910e-01
5.739511134046025864e-01
6.294618353449429327e-01
6.080945280701336442e-01
5.806831656561957100e-01
6.242237261274001803e-01
4.867039617057890011e-01
5.569383108533092486e-01
4.894535287759369524e-01
4.797594541683792846e-01
5.781145439181192280e-01
6.247785665829561630e-01
5.492026024441131193e-01
4.779073439673003354e-01
4.723070168355479881e-01
4.075060224201944581e-01
5.178540140897449628e-01
5.171351074561891803e-01
8.826227890120612596e-01
4.713721254405875416e-01
5.656108163369613084e-01
5.288052327128955898e-01
6.846232177969068244e-01
4.158319402211862470e-01
3.467240344167091814e-01
7.862469440139829846e-01
4.702350412997313711e-01
5.478772911776064181e-01
4.405005102852980192e-01
7.092328971024188800e-01
4.923544988015460255e-01
5.901052558577307705e-01
4.885817728424445283e-01
5.861208142456598713e-01
4.316532589898754990e-01
5.024828449295213328e-01
6.054597073276010155e-01
5.151131751967801264e-01
4.517429285191206789e-01
6.032245849098802903e-01
5.455588368429905577e-01
4.561019669064424464e-01
5.249598173269381940e-01
5.044093861274371315e-01
4.891437756063208298e-01
5.010225777338362940e-01
4.167157328542734906e-01
5.220548609366394421e-01
6.194195949969192316e-01
4.901418340744081448e-01
4.531100351948084137e-01
5.635228688973519251e-01
4.999947489291016178e-01
3.534181229595559914e-01
5.453829336518214443e-01
5.151081422995776871e-01
4.171730765188113033e-01
5.411791184078901251e-01
5.416093231018426213e-01
5.147957199548059970e-01
4.711212611596824473e-01
4.584012693616872913e-01
4.761795838443665940e-01
3.355958651464122089e-01
5.473582901795290834e-01
5.161744446304833422e-01
6.378066359501746163e-01
4.167349713316393922e-01
5.748096050400959278e-01
4.336973566069112218e-01
4.727967862350245798e-01
4.997431691496685424e-01
5.956687587557826236e-01
3.244876130368276046e-01
4.393497797593267085e-01
4.050672426245970348e-01
4.275192134747176631e-01
3.734755340901513843e-01
4.458149961556774343e-01
4.093517950402262295e-01
4.713049020078809437e-01
5.817080981969937614e-01
4.276884727102394090e-01
4.832658411575377899e-01
3.671202141306518785e-01
4.648360316324720576e-01
4.444568590229997507e-01
3.210244073650230234e-01
3.479158104860430312e-01
