1.678486246864000719e+00
1.371543007145325399e+00
1.236816893940170470e+00
1.120426097288727885e+00
1.015449921153485757e+00
9.246806992528340263e-01
8.363259298789005314e-01
7.697456514431784136e-01
7.143362844983737192e-01
6.671732902200891990e-01
6.305741056582579995e-01
6.002682146662846607e-01
5.803200268062451705e-01
5.591874539184693571e-01
5.436226981792908752e-01
5.239290891323858945e-01
5.180087815935258133e-01
4.995521191185495202e-01
4.948428937903372460e-01
4.876896473412246635e-01
4.771972116005296916e-01
4.726701009867247949e-01
4.604022771927217539e-01
4.588023589367124511e-01
4.476455822342540469e-01
4.461486139008775664e-01
4.414605816827193996e-01
4.348586469986669423e-01
4.308660993483500734e-01
4.277066196931021969e-01
4.216648623926449457e-01
4.185649843285015881e-01
4.140450912302185427e-01
4.124421304833958968e-01
4.059510455567700293e-01
4.064059483419987240e-01
4.037469293021908046e-01
3.983958252763841190e-01
3.987611937034914456e-01
3.916022505605360471e-01
3.905822564522288820e-01
3.888883133193788422e-01
3.883985427008155300e-01
3.890961830024995405e-01
3.824350733218792042e-01
3.770403882467265322e-01
3.792653088508329828e-01
3.747874463135424938e-01
3.721298627171321094e-01
3.730960660883525515e-01
3.674105748213089551e-01
3.651456122848079078e-01
3.612287956332148053e-01
3.609822638903522063e-01
3.604405839435639858e-01
3.556775552415638031e-01
3.550951735038930801e-01
3.510420264365772813e-01
3.496966873796191200e-01
3.475422239436496974e-01
3.456277851469106155e-01
3.423885284633918502e-01
3.433069411051110631e-01
3.437369196607566457e-01
3.396560089249882064e-01
3.379853771183115585e-01
3.339477729753222990e-01
3.313617400321527406e-01
3.307213295084754923e-01
3.314816467791630861e-01
3.269999901961394562e-01
3.253660466430300935e-01
3.249826250054077548e-01
3.200113506612251579e-01
3.215099982150907421e-01
3.180197653430028581e-01
3.198170537846938832e-01
3.157136416721428862e-01
3.156801205298446211e-01
3.137526553451122635e-01
3.130330242418858933e-01
3.097315402962461106e-01
3.066975849264417797e-01
3.063442897385296182e-01
3.062495843380080851e-01
3.067502390294490899e-01
3.011224909117299897e-01
3.019612686578087568e-01
3.075213395036796027e-01
2.952420142702370520e-01
3.015006296555354237e-01
3.002887416328302583e-01
2.958034620039203810e-01
2.941659466251925203e-01
2.962185263847642025e-01
2.906331105622666500e-01
2.928809756020686050e-01
2.907967772867414702e-01
2.900184406926564762e-01
2.923678383773221645e-01
2.866960031395622277e-01
2.882505203843660491e-01
2.831020386208790152e-01
2.823427797708185638e-01
2.861326404922268085e-01
2.768529514095765531e-01
2.819726641368954789e-01
2.778844363455815758e-01
2.782930374045584632e-01
2.815294306535118252e-01
2.799886851886548844e-01
2.750129710339145328e-01
2.743732578619649809e-01
2.684031581101347097e-01
2.736285326526073369e-01
2.695652434368821515e-01
2.715627057631596619e-01
2.706418165164358736e-01
2.721552487867423542e-01
2.691071873340236675e-01
2.700978796899532464e-01
2.696396924950871243e-01
2.672831489594439947e-01
2.651325210644669972e-01
2.636705031450644054e-01
2.649289360515588720e-01
2.632692732820820503e-01
2.636431964089570590e-01
2.646040592102993361e-01
2.658043887880072731e-01
2.625527626188219332e-01
2.627038819598965236e-01
2.602655804828100661e-01
2.604989987343045987e-01
2.603611694337693017e-01
2.604213878222799705e-01
2.601330993275526859e-01
2.587863226264016658e-01
2.571667343751081192e-01
2.582650222991650923e-01
2.548991836957671953e-01
2.568806262661625373e-01
2.566224028085951070e-01
2.569394717222409641e-01
2.574048068569391168e-01
2.535964200278249536e-01
2.544474025011004281e-01
2.508428929426493870e-01
2.541088625158833270e-01
2.523571210286172373e-01
