1.861597688794135674e+00
1.701640717983246009e+00
1.678939471344153223e+00
1.673231389820575732e+00
1.790529151956240073e+00
1.963706252574920486e+00
1.763011557236313864e+00
1.525456932894885709e+00
1.778027970890204257e+00
1.460088875467578706e+00
1.908066610718766709e+00
1.387912740899871045e+00
1.220410910410185679e+00
1.791095087742432979e+00
1.359576962317029958e+00
1.525044796566168426e+00
1.345151597775208208e+00
1.336776912386218541e+00
1.220696327871798159e+00
1.412085081453745561e+00
1.239874389817317235e+00
1.159804850125995657e+00
1.237848801090537298e+00
1.136853283235492729e+00
1.134261696292863331e+00
8.887304270290770081e-01
1.213950750612809104e+00
1.132218495742417508e+00
1.345830229410591272e+00
9.965309184533545084e-01
1.311891058076483318e+00
1.766829564018796095e+00
1.182620321586728140e+00
1.113912512933214582e+00
1.296365320148567424e+00
9.907460240678240826e-01
1.386984794183323988e+00
1.111003556344658083e+00
1.064013070476551359e+00
9.826582923391832258e-01
1.253152423786620284e+00
8.131679321119251735e-01
9.302909736599150881e-01
8.876069919796039098e-01
1.009771259628857276e+00
1.606173379570245974e+00
1.255706726908683679e+00
9.322603763639929486e-01
8.398524253473926837e-01
6.790535410912708070e-01
9.411945826855177000e-01
7.606316925849144761e-01
9.400369660401096672e-01
1.174918391526055927e+00
1.000741227604448724e+00
1.033850262137129938e+00
7.613548202804909515e-01
8.374913542841870839e-01
8.272018824083110511e-01
1.204595287949778326e+00
9.938224176441629032e-01
8.301875196148952307e-01
1.263467233671496270e+00
7.600512112005770593e-01
1.140549968918785240e+00
6.319470697268844139e-01
1.014222581751334173e+00
9.797672328601280123e-01
6.037227419841413312e-01
8.691836927463494344e-01
8.344979020208119769e-01
9.069370200966174744e-01
8.863074775505810354e-01
1.054224244380990605e+00
7.747206080285831131e-01
7.546643979921160428e-01
9.842723533394744928e-01
1.094466371409750227e+00
8.805905014400678965e-01
8.459805150877217628e-01
7.210430704522878820e-01
1.023264601621776793e+00
8.297098244975010806e-01
5.903031962826693624e-01
7.755790812978132776e-01
7.872086739734125427e-01
1.150603819671087269e+00
8.653909797438730234e-01
7.072887626119579441e-01
5.056894359597936539e-01
1.240593020730108575e+00
9.863283726060763090e-01
8.289621333001804260e-01
6.016657832699517927e-01
6.548873074476917466e-01
7.669652837584726157e-01
6.036759985502188064e-01
9.141852736830091697e-01
6.220106057302716707e-01
6.722367288493357185e-01
6.463616886728171806e-01
7.301851961840293281e-01
9.912780942659203953e-01
7.173604102960476903e-01
9.683073176629839462e-01
1.012154444487144644e+00
6.871495966240763753e-01
7.909534269284146379e-01
9.344055182983476149e-01
7.524799114139751888e-01
7.172385931201278320e-01
5.445760281135637593e-01
3.698930537896619741e-01
9.782928224373609316e-01
5.716322798266386673e-01
8.861632473642627739e-01
5.191354863035183564e-01
8.089335223597784452e-01
8.934150690337021583e-01
5.491669855158154423e-01
3.981805236389239222e-01
9.403398866748708951e-01
6.847934760432690116e-01
5.340437413899538077e-01
6.318658866595555645e-01
1.036643692776560766e+00
6.814195933068791788e-01
6.547123372756565862e-01
5.664010222399762373e-01
5.903829377610236850e-01
4.617063304440429117e-01
9.520784448185197757e-01
7.596501483892399431e-01
6.889523911474195739e-01
5.237799912458285245e-01
7.489712248261397587e-01
8.519511528918517484e-01
4.799005789185564197e-01
6.896882025874220279e-01
5.681852629454806625e-01
5.140545842715072977e-01
3.989578973355431546e-01
4.922650700140123736e-01
5.505021608333724448e-01
7.722963621778762278e-01
4.798841355772068273e-01
8.746465355949476495e-01
8.483134938528138491e-01
6.097663969011046792e-01
5.349231062193091635e-01
