1.671575338840484592e+00
8.849001784125963832e-01
6.160004999736944375e-01
4.520750627418359535e-01
3.467216474811235516e-01
3.035459910457333210e-01
2.548481848960121310e-01
2.276661015115678255e-01
2.059939920948818393e-01
1.855960648227482912e-01
1.686898774863220818e-01
1.555662510299589685e-01
1.378753921492413270e-01
1.389125687947186383e-01
1.254726562963333070e-01
1.199124565444071450e-01
1.147732421577287304e-01
1.097080167959696428e-01
1.009972354369528952e-01
9.879319377321130191e-02
9.810838977098076952e-02
8.910406345011626095e-02
9.183795331899698156e-02
8.500152046496320390e-02
8.313762577590141922e-02
8.206564879636665810e-02
7.599093358464112380e-02
7.361465988835941276e-02
7.334040580339204474e-02
7.091741920041386149e-02
6.796876675381402499e-02
7.127083692373466228e-02
6.692226511615445572e-02
6.567368556055347417e-02
6.318725307839485883e-02
6.421257760084700394e-02
6.183911234451746480e-02
6.164420719961829359e-02
5.745009788525445860e-02
5.950872408650563494e-02
5.649783184451129259e-02
5.131866494810917445e-02
5.306245183989329040e-02
5.236534606471347081e-02
5.323965404471285578e-02
4.868689819508290051e-02
5.279223253203478572e-02
4.955091451988361678e-02
4.583003715810869683e-02
4.895372564344143557e-02
4.573267996649520162e-02
4.431247147718143931e-02
4.010104619394345288e-02
4.142876988495118595e-02
4.396892554123648517e-02
4.400678709762965990e-02
4.321861563386240196e-02
4.406649335668287593e-02
4.011064698270880996e-02
3.785264722832835244e-02
3.690632529419114738e-02
4.009955587714406078e-02
3.769578508143846263e-02
3.842425649871681476e-02
3.496605573879303652e-02
3.506612701761695899e-02
3.666265469374289931e-02
3.487411058948054754e-02
3.434667659608749146e-02
3.800540915059778813e-02
3.286687572990255185e-02
3.545921574970028328e-02
3.140208216006916409e-02
3.183470035558153693e-02
3.259628689485301323e-02
3.216698580527614648e-02
2.806024811371874567e-02
2.910887435697077225e-02
2.903739946164326374e-02
2.948487336428418787e-02
3.044312933558406681e-02
2.851056349540802975e-02
3.081179187116504445e-02
2.822428938441589458e-02
2.710873861194992157e-02
2.667427007910494474e-02
3.010222018885542680e-02
2.853110214646524881e-02
2.720748276515223482e-02
2.900323630024104204e-02
2.746949691269643876e-02
2.584771503596130018e-02
2.583483451786984866e-02
2.622893441581557877e-02
2.619487037701219087e-02
2.302752432051420259e-02
2.354698402625217749e-02
2.351190761787620015e-02
2.330339135738086070e-02
2.124115404695658266e-02
2.426714892421235475e-02
2.443088461527622574e-02
2.363312859264624435e-02
2.187912088568433680e-02
2.585339602264260378e-02
2.053021125421158541e-02
2.435771083566578080e-02
2.070496180063249869e-02
2.129803988501559331e-02
2.408470076646949259e-02
2.131793171713297977e-02
1.833072674185435430e-02
2.123464645033891138e-02
2.280248863754726074e-02
2.157987737049855970e-02
1.992821007056894134e-02
2.248583340228075406e-02
2.123349331657512634e-02
2.362135050838636355e-02
2.205574150872583600e-02
1.965164265297516741e-02
1.846368139165860747e-02
1.784114625251883440e-02
1.897919264533963132e-02
1.944219495617744223e-02
2.014352059811396270e-02
1.888012225055263338e-02
1.927781700754318747e-02
1.646229864056901124e-02
1.505170287375828288e-02
2.058831198638624155e-02
1.642237895506317227e-02
1.914950282314938079e-02
2.076294604407318348e-02
1.661108430499249472e-02
1.800353417599012337e-02
1.742624585440959856e-02
1.919971642490357969e-02
1.770952483339329267e-02
1.580654788322665913e-02
1.837492388775596383e-02
1.580327492468238185e-02
1.679649153702181957e-02
1.568121153293456499e-02
1.880124364355803199e-02
1.977029781303826783e-02
1.640788621340258727e-02
1.661256705380765447e-02
1.565120367794255174e-02
1.787000668567846617e-02
