1.730114268064498972e+00
1.602771031690968240e+00
1.776296245190832179e+00
1.769541733529832239e+00
1.499084679716162993e+00
1.990111838844087488e+00
1.532270709408654064e+00
1.558789636492729391e+00
1.490543933692905609e+00
1.536716539611419297e+00
1.569243322685360820e+00
1.641520933028724372e+00
1.276863796893093150e+00
1.569867840872870568e+00
1.341451370086934824e+00
1.274106309248341562e+00
1.098234405592083851e+00
1.315097051064173295e+00
1.659736316518651167e+00
1.121827986476321870e+00
1.394988961658544024e+00
1.098904068238205411e+00
1.471951140910386702e+00
1.042286520763817892e+00
1.234667765243082194e+00
1.235873834460249565e+00
9.722135109081865290e-01
1.577667881200710998e+00
8.510498370354374620e-01
1.216517844407094762e+00
9.102828072673745385e-01
1.503644867969883947e+00
9.395127593105037089e-01
8.123941286239357851e-01
1.276424819636675867e+00
7.950069451290701084e-01
1.208227489540974364e+00
9.427594213270479306e-01
1.131304307876465298e+00
9.889454931062129361e-01
8.260495020480206341e-01
1.101289084357106152e+00
8.888587786133090862e-01
1.131423322814516741e+00
8.724852023516884714e-01
1.044138078329463593e+00
1.350678804595437432e+00
8.379937059773754360e-01
9.422277657112700933e-01
1.086269776334261916e+00
7.215379160208007514e-01
8.468298887616644288e-01
7.245518005125792804e-01
9.264566178573294675e-01
1.170816164341652144e+00
7.056250396789983670e-01
9.572251142456661421e-01
1.107870842727522120e+00
1.056668012927338030e+00
7.106738529964867768e-01
6.936134322150611098e-01
8.832821545294589072e-01
7.563029079237539865e-01
1.112414381426448662e+00
1.021008655449064939e+00
5.919277431603081618e-01
6.785575394133209759e-01
1.126354353589316348e+00
8.644084404677980782e-01
8.078593856592972688e-01
6.803019339767181206e-01
6.317610563813811364e-01
6.672053449114578871e-01
8.251896258032260789e-01
8.084764339029788527e-01
6.031185649839851948e-01
8.318639631817736912e-01
7.795437295683143031e-01
6.365825441034717036e-01
7.224420705942127263e-01
8.552276264907170411e-01
1.189376441381043925e+00
8.191025136403429219e-01
3.863940628545565192e-01
7.849164669060457733e-01
8.163126187529673450e-01
8.448193441072685550e-01
6.684377312450671127e-01
6.192471882721616305e-01
9.469922745367513883e-01
6.305272630074371110e-01
1.074046548005296975e+00
6.027288625798085109e-01
7.211231572387946098e-01
5.768417435563687468e-01
6.005975098700986337e-01
7.359744146797392306e-01
7.985819502516339208e-01
5.392404523771257008e-01
5.280820076136538699e-01
9.760841249022632615e-01
7.818653021382890866e-01
6.031398986298073250e-01
4.223430342999441867e-01
4.780315273793206421e-01
6.505437787477340583e-01
3.829480933165177459e-01
8.201802490858567385e-01
4.916074964528283076e-01
8.105803993028691812e-01
6.481647566281673045e-01
7.660050809818009787e-01
6.950324353943061473e-01
6.396484079791440180e-01
6.441609572800290895e-01
6.139234472405061815e-01
5.206557352736773669e-01
6.419794771747869833e-01
1.072164821452332051e+00
7.605418890815538457e-01
5.643547398721178165e-01
6.284150342601868555e-01
3.537123338474582046e-01
5.716386675347004953e-01
5.450100465054210641e-01
8.714263234370284161e-01
7.699645292520936879e-01
3.885854406934231564e-01
6.102080130608131814e-01
7.374827223185760339e-01
7.021602438535127222e-01
1.058376833614375956e+00
5.168612869409844324e-01
4.405798662857463022e-01
1.054189381885031862e+00
6.750179318431764885e-01
8.947175272254066503e-01
5.931938737548060336e-01
7.293257720864171345e-01
8.056299492126951511e-01
4.644071868309079254e-01
5.716639528164846329e-01
5.595319728943934923e-01
5.781378721207793836e-01
1.008412257804432111e+00
7.633850899069672957e-01
8.792517917913695857e-01
6.509189877017504955e-01
9.140453114303657145e-01
4.969664996691669501e-01
