1.624124414920806725e+00
1.286571749603306891e+00
1.204834710999771685e+00
1.119250881881625803e+00
1.027653867745840888e+00
9.398482881773400077e-01
8.624652188519636997e-01
8.361570777887548100e-01
7.766812776994926892e-01
7.378067446977453203e-01
6.868567386366150052e-01
6.367535333556156862e-01
6.093203857492792697e-01
6.086502480505515678e-01
5.944647892328600580e-01
5.658738749592944206e-01
5.548097899183630499e-01
5.458745643578952755e-01
5.214964606632496169e-01
5.121684598582969539e-01
4.776452769685743394e-01
5.008010721304971824e-01
4.846619896233530511e-01
4.825086094168946071e-01
4.771005769932677443e-01
4.530139928288688944e-01
4.533554318979279296e-01
4.363456484984123418e-01
4.472244358557724841e-01
4.456968422919614925e-01
4.292593888581420214e-01
4.103486737347708524e-01
4.351982075659799887e-01
4.192401138550808648e-01
4.097217430370962421e-01
4.018303881497294339e-01
3.993337889164858545e-01
4.054356884310125753e-01
3.793733823587427390e-01
3.889493238982503209e-01
3.961819982133736873e-01
3.685510821389120784e-01
3.746357633880580962e-01
3.674996692118131514e-01
3.706980238789864823e-01
3.578728312616994423e-01
3.517699416025403814e-01
3.530852142336208810e-01
3.550323769016519582e-01
3.347412901244436467e-01
3.455782897072775528e-01
3.542846620681316394e-01
3.254366886200969478e-01
3.424423858033993073e-01
3.343037574320246730e-01
3.324448158005597342e-01
3.181755566447585504e-01
3.326940027486567919e-01
3.123883029032515912e-01
3.126071692254928647e-01
3.172046437931539953e-01
3.098403051579802225e-01
3.156287070271232009e-01
3.075756186872928288e-01
3.170617631067418896e-01
3.046502846042729584e-01
2.976938816080499928e-01
3.031750507075771095e-01
3.101280403214127235e-01
3.145886646803571773e-01
2.858300920407702006e-01
2.976486768556965701e-01
2.817401657736842702e-01
2.862701374623079498e-01
2.768455802170232127e-01
2.886070310049862475e-01
2.894932540951089539e-01
2.919289914245190576e-01
2.801912792497745497e-01
2.621082980695819131e-01
2.732053115704803914e-01
2.644133501082693294e-01
2.725942581567344369e-01
2.903606846353418702e-01
2.857231954548775654e-01
2.723769981112046379e-01
2.701970944851205259e-01
2.640385018694904606e-01
2.747676133150924738e-01
2.653182220890453746e-01
2.632615368170233006e-01
2.642581097750743568e-01
2.491326980450604134e-01
2.571780062647691656e-01
2.461962916057414130e-01
2.519526472056491384e-01
2.648583437017665299e-01
2.571229146954310818e-01
2.385988352238631871e-01
2.357711027267526682e-01
2.518656397904958655e-01
2.485644584302574844e-01
2.474842847431061033e-01
2.443023217168499017e-01
2.406421075757178563e-01
2.483478128015132458e-01
2.215814321272989440e-01
2.461973807714336326e-01
2.411385660133177622e-01
2.367231170150572717e-01
2.379725456269052297e-01
2.549360966754007918e-01
2.274629644057454825e-01
2.282977386287637633e-01
2.460851888583166502e-01
2.437452347938971475e-01
2.423565839671398547e-01
2.399788682610314028e-01
2.405287323930059284e-01
2.355382101190130195e-01
2.295134198135390380e-01
2.310012182886819754e-01
2.367285475162229091e-01
2.248492096288073339e-01
2.348332172504526694e-01
2.262178054382739667e-01
2.090867888001095576e-01
2.162196849748768412e-01
2.309453776807317005e-01
2.232020353022057257e-01
2.314416014879545069e-01
2.309803681267064979e-01
2.322710059605607724e-01
2.324621558410623900e-01
2.109464269833363215e-01
2.205424611039106253e-01
2.000463959341868825e-01
2.262833814079451555e-01
2.124402781840547261e-01
2.141664974989964387e-01
2.228749397022011247e-01
2.093521808329451839e-01
2.185571073085647298e-01
2.152978281437578634e-01
2.053613850320344658e-01
2.206536671112472592e-01
2.173982577910215652e-01
1.978555782625227855e-01
1.961118511861746350e-01
2.121337057758787004e-01
