1.698897633640854776e+00
1.317236643985465916e+00
1.173856742580731582e+00
1.058547890815469739e+00
9.463754806253644736e-01
8.588947458316882333e-01
7.866300806154807868e-01
7.322186066182675424e-01
6.915202965256239676e-01
6.605279155530862090e-01
6.313056329141060186e-01
6.077485769852583042e-01
5.865149618405848253e-01
5.750771103554439545e-01
5.584051389360145112e-01
5.438538083616919483e-01
5.368457018487431398e-01
5.192726497108945960e-01
5.124033773034224470e-01
5.014629747504713020e-01
4.954804250006391020e-01
4.888689018787678586e-01
4.802956758987987351e-01
4.665593759114509131e-01
4.674352432518800171e-01
4.592919024960482877e-01
4.539897709711523954e-01
4.437076793413143316e-01
4.446796890680195236e-01
4.388041253929043650e-01
4.333902255921728286e-01
4.278615679603104960e-01
4.201435191668053126e-01
4.189580979785037518e-01
4.117813833785691213e-01
4.076866841840954270e-01
4.006787176933829242e-01
3.929811714632065467e-01
3.937595718464366179e-01
3.889451150366761145e-01
3.821552796018551357e-01
3.844208971135473774e-01
3.781396795001260025e-01
3.703387367073015524e-01
3.687989746184622275e-01
3.658442256602251197e-01
3.616982541346698832e-01
3.581746515069433312e-01
3.537807738845650807e-01
3.527189711349394963e-01
3.459350196901208596e-01
3.433568078710339533e-01
3.421397649475666491e-01
3.380221215136245960e-01
3.405367296214077966e-01
3.308160134356606941e-01
3.314163172718448402e-01
3.249206610735402845e-01
3.240218211666042736e-01
3.201670096077766092e-01
3.159840908100293166e-01
3.134421999361020617e-01
3.128456431661766901e-01
3.092759041942190756e-01
3.073628577962733144e-01
3.059582581377106036e-01
3.039273867249936978e-01
3.008497779060982924e-01
2.992353360139315965e-01
2.940471448351336115e-01
2.918397511788471954e-01
2.869637425216474691e-01
2.868840479986586312e-01
2.848144384897130510e-01
2.862948751626580024e-01
2.820937821062937112e-01
2.780711602183550402e-01
2.790790965319697170e-01
2.780886166296355766e-01
2.718778799365154097e-01
2.743133423461457943e-01
2.678066758666601266e-01
2.628679479964516896e-01
2.646254530693490925e-01
2.643728801444295562e-01
2.633310087072701644e-01
2.638319557801716564e-01
2.564346619958436935e-01
2.589858660670816826e-01
2.520420202368836016e-01
2.560138704537099352e-01
2.525339321487289901e-01
2.503899706286568105e-01
2.489081492024921849e-01
2.466110267876044093e-01
2.452837422491413177e-01
2.498727608623718677e-01
2.445660813353283669e-01
2.435398462665142316e-01
2.415471144373683710e-01
2.415694771273303176e-01
2.425218693051849339e-01
2.406053868027110965e-01
2.382004073640995867e-01
2.306698030903848728e-01
2.342883545021026137e-01
2.328527539230331178e-01
2.308326827948136706e-01
2.308412023313361205e-01
2.284369279853396273e-01
2.259410825517692289e-01
2.251366079191858272e-01
2.231931549994947694e-01
2.282093634708413921e-01
2.244777457805833265e-01
2.210015461499009182e-01
2.210812742267821707e-01
2.235138153311304610e-01
2.184031737063734935e-01
2.203509456946523282e-01
2.213639171148598650e-01
2.181368738672312679e-01
2.197542626776784191e-01
2.143233216475453895e-01
2.150257559450929334e-01
2.164410872920847217e-01
2.156018310977594332e-01
2.143960138543776206e-01
2.121666989958828076e-01
2.137024091704127771e-01
2.155122946750769319e-01
2.089761220869453262e-01
2.100417023867743593e-01
2.113197270231278180e-01
2.089802125851512038e-01
2.050387202775433848e-01
2.070702548853458058e-01
2.052018830461073973e-01
2.076378765479549027e-01
2.067631011234846439e-01
2.056543591872711241e-01
2.013680511874284540e-01
2.065522924569624941e-01
2.040281684011764352e-01
2.032255845639910630e-01
2.022818031635445768e-01
2.018358636088238289e-01
2.007190348466004470e-01
2.014459969578052123e-01
1.996674009580682307e-01
