1.742961989045143101e+00
1.599160623848438378e+00
1.672485665877660121e+00
1.707931941250959706e+00
1.482591256300608062e+00
1.596226939558982760e+00
1.471930114279190738e+00
1.723254536936680736e+00
1.631347635140021568e+00
1.614896725689371593e+00
1.267410570035378159e+00
1.591972181200981051e+00
1.407377788871526869e+00
1.424395618475973624e+00
1.201692764125764423e+00
1.258082602520783633e+00
1.077486981047938164e+00
1.188224716031303085e+00
1.186699579320847686e+00
7.822790815184512692e-01
1.231816905252635763e+00
9.312359127961100658e-01
8.121920099637162105e-01
1.081056724302470684e+00
8.238302788371221208e-01
1.297806575965757103e+00
9.443041734040404922e-01
7.544492207001894934e-01
9.125432092199723400e-01
8.815772058838046155e-01
7.544502711179666976e-01
1.071672322374458197e+00
7.404145860516776478e-01
9.786883725753673380e-01
1.385981441925590030e+00
8.547393871626505213e-01
5.746852057644475931e-01
1.277699633954713754e+00
1.164848911104102935e+00
1.027689103906353152e+00
9.190025325678290447e-01
9.594876248373960248e-01
8.055739733452599305e-01
9.564590175449847465e-01
6.206794872010747977e-01
8.454478388900558139e-01
8.987682634654146074e-01
8.530862803726145804e-01
7.660253203101456965e-01
7.659248363350829036e-01
8.546839812791828805e-01
9.625126320744554764e-01
7.727533691003918292e-01
6.627185820881278389e-01
7.836456168660272947e-01
8.334159737825395098e-01
6.911752459350586353e-01
9.501100534251113450e-01
7.643296495716398464e-01
9.207861566667755460e-01
5.398550607419261294e-01
6.527616701104368424e-01
6.277865920316738624e-01
6.287357955736417869e-01
5.974653632139477200e-01
8.868763796814407296e-01
4.709852854061562510e-01
7.313218619115650077e-01
9.057899902202188880e-01
7.476626244202877469e-01
9.247002467637260859e-01
6.852191271764846991e-01
7.563428837402413896e-01
7.587844816610835874e-01
8.978593510513503961e-01
7.217154813775171762e-01
1.050307662211125592e+00
8.706143522387719269e-01
7.765348802724232335e-01
4.066008468119737818e-01
5.911250730510801965e-01
7.761321019319196157e-01
4.566768418857827250e-01
7.055370342093132408e-01
7.588655373279470373e-01
9.912357896007597535e-01
5.479026561137287921e-01
5.770789791333179597e-01
6.598357298939178106e-01
1.123696600672168255e+00
7.033546766219660462e-01
7.489278626963884467e-01
6.632128407713026030e-01
4.091868777417888015e-01
6.847014904192959550e-01
1.192188910562544946e+00
5.703332025992373655e-01
7.779264894841859679e-01
7.297088635542119395e-01
9.358474546919266501e-01
7.149131881569822378e-01
6.752945841111552827e-01
4.848439727323906046e-01
7.683434616619100321e-01
7.377337451496470688e-01
5.256519884841204249e-01
7.145230908381441370e-01
3.816343188720444646e-01
7.752466687777388454e-01
2.674979792969922054e-01
8.944105806865263464e-01
9.170973381244887923e-01
7.078358109248802377e-01
6.864429110249814503e-01
7.423696423415094836e-01
7.556622756148378972e-01
5.162199457408861436e-01
6.898435333002514991e-01
8.706995061769460253e-01
7.410503314668313024e-01
8.374960337796558685e-01
6.664599109798050591e-01
9.238755854071738494e-01
5.882879648373151582e-01
6.950064536587643449e-01
7.874066164468725981e-01
7.380064079786339271e-01
6.650948237286260500e-01
6.145445087257150885e-01
7.982171499302299633e-01
5.716115186976578055e-01
6.720262279582674969e-01
6.493552199626961841e-01
7.589107537323920294e-01
5.103343479894102419e-01
4.875152685012046905e-01
6.616826813093696913e-01
5.993481191728885493e-01
4.485862583899870026e-01
4.989344501266410603e-01
5.369396065154189435e-01
5.676020720813541587e-01
5.139813393983058143e-01
7.616588653228245631e-01
3.570812698601123492e-01
7.126298033694425937e-01
6.225945375510490987e-01
6.363442532004166541e-01
6.905749021423980283e-01
6.716575318900868119e-01
