1.679885114596950002e+00
1.540127428207132665e+00
1.633144233233398968e+00
1.370313526577419783e+00
1.398972793867190756e+00
1.164042372925413904e+00
1.176128374917639663e+00
1.385586400037010391e+00
1.100515460311952465e+00
1.252220673886645264e+00
1.154254356614417443e+00
1.069648887565773476e+00
1.045784038733691190e+00
1.015132981880257690e+00
1.113002218305236823e+00
1.330727233216166372e+00
8.686976972553465126e-01
8.198658030211098957e-01
8.913268344745868266e-01
9.883838566123612779e-01
8.901586619381689491e-01
9.584285998665210693e-01
1.105291370724638345e+00
9.293645813626547625e-01
7.971395428259145932e-01
7.166027083130839248e-01
1.031042500630021008e+00
8.885388544439856151e-01
1.095578018532445075e+00
1.127643617954519062e+00
7.538556488230825359e-01
8.280580665181493938e-01
8.286262239370909555e-01
8.143496247611217154e-01
6.166621463318976426e-01
7.968192626411715329e-01
8.431851992186988332e-01
6.981616261182352901e-01
7.531725131945892215e-01
8.281398459027213832e-01
5.711591423023492098e-01
9.159535603235579027e-01
7.183038887938536510e-01
8.060107146886487106e-01
5.930615685923645852e-01
6.003415993567452480e-01
1.117039768574630276e+00
5.963090047773180746e-01
7.698110114322560538e-01
5.622543198072039727e-01
7.078431238751445864e-01
8.544677593287909323e-01
8.169426175807086299e-01
6.000375500479713242e-01
5.922028294932615289e-01
9.900349900830122118e-01
6.425205844506207686e-01
6.541379473441176762e-01
6.506864029012568995e-01
5.406284267624140716e-01
5.008814822634060082e-01
7.105322130834166305e-01
7.013875665608793053e-01
5.283314625887821636e-01
6.779216881657743610e-01
6.239389029371862350e-01
4.047839943743827829e-01
6.669551994555836805e-01
6.905658281945701304e-01
5.231648743245750355e-01
5.464526370757569751e-01
8.946921230780168210e-01
4.609967442158893758e-01
7.387698077162105914e-01
5.701914237394358764e-01
5.699435920345907736e-01
4.975975975068286372e-01
6.274872447511491425e-01
6.476833538855943928e-01
4.218366863466670447e-01
6.813479325496074601e-01
6.493194411695004664e-01
5.386254253158242467e-01
6.023669640258109137e-01
6.062286010679478476e-01
5.183582964033768281e-01
6.140819480673720410e-01
4.787341299648654735e-01
7.408406017223992945e-01
5.008143976002207287e-01
6.778654534757758698e-01
6.922683815578541955e-01
6.326833505653001177e-01
5.155022736493265478e-01
4.083004722693779343e-01
5.951304448959935378e-01
8.529332582876344437e-01
6.802718662162725582e-01
6.371317750163789650e-01
5.677690498777276940e-01
4.933931859044565771e-01
6.535459982129072642e-01
5.045448552654980823e-01
6.942962494078609437e-01
3.426489565345561816e-01
4.782830279708529808e-01
6.465909071614603931e-01
4.072362311675936652e-01
5.044609736930578681e-01
4.846978728804323677e-01
6.808037139111871028e-01
4.585633029209242872e-01
6.927105865648224281e-01
5.297423499237952083e-01
5.843644680864075180e-01
5.662805643491447549e-01
5.574358861153532185e-01
4.324331807700865227e-01
5.411485910854922921e-01
5.543221696445511659e-01
5.015316025635951913e-01
5.340679736074526174e-01
6.150362656710461895e-01
4.886925756610516203e-01
6.167289838588072559e-01
4.986082098227149761e-01
4.548097399347978964e-01
4.035608810924717349e-01
3.289595564736778055e-01
6.106895849900320083e-01
6.241441206868166836e-01
4.633343918283935325e-01
4.211794674943343253e-01
3.196969484796540750e-01
4.828572274079649951e-01
5.415132052534156193e-01
5.431612482029271050e-01
4.280252177744922615e-01
4.323618434932886001e-01
4.672386939721440702e-01
3.844601912962195001e-01
4.834114657430392259e-01
3.317400090067207374e-01
4.031560105835280683e-01
3.858456306772616862e-01
4.768959115683618077e-01
4.186539295393999494e-01
3.881209536332688725e-01
3.948951770710603659e-01
3.481570750547203774e-01
