1.752116504907608174e+00
2.231735110680262313e+00
2.145893356800079310e+00
2.144662501811981592e+00
1.927774149179458663e+00
1.798465220133463660e+00
2.399791389703750166e+00
1.780814480781555131e+00
1.806168994704882236e+00
1.880903896093368832e+00
1.988650182783603615e+00
1.796269060124953798e+00
1.929256411790847947e+00
1.741865105628967569e+00
1.647838500936825934e+00
1.629378398259480720e+00
1.587030068089564816e+00
1.320412534798184989e+00
2.433446418245633236e+00
1.435267022848129237e+00
1.036489875013939743e+00
2.171375801563262709e+00
1.831150068839390910e+00
1.492735114892323800e+00
1.473526923656463428e+00
1.513919949134190812e+00
1.402603265742460970e+00
1.159407092332839895e+00
1.600934313038985035e+00
1.597391154915094535e+00
1.199488734205564011e+00
1.495150025685627826e+00
1.460698033074538049e+00
1.219846946373581709e+00
1.394554322957992420e+00
1.466939174135525992e+00
1.258206154853105385e+00
1.803831328501303899e+00
1.489546291629473496e+00
1.054221421852707952e+00
1.127135787969455238e+00
2.047890856961409600e+00
1.092308246294657392e+00
7.647458628083889653e-01
8.890095748876530868e-01
1.320978563129901806e+00
6.168543890863658063e-01
1.719686537484327982e+00
1.159614163140455734e+00
1.770169946948687123e+00
1.373593592047691381e+00
1.243869499166806447e+00
1.416257800310850357e+00
1.039489407291015022e+00
1.187100815673668874e+00
1.634357327918211755e+00
1.041903844779978217e+00
1.008225018133719786e+00
7.718399205710737565e-01
1.277722431893149935e+00
7.754636422296364850e-01
1.053740207630520009e+00
1.413769223454097945e+00
1.202441788713137338e+00
1.055912558631971532e+00
8.604589308619811083e-01
1.345373769514262685e+00
1.473407621681690260e+00
7.568488662084564833e-01
8.007882485228279279e-01
7.311815540989240469e-01
8.199101515052220623e-01
1.730165420329818904e+00
7.701121044903993518e-01
7.898092375020496769e-01
1.163456035492320684e+00
8.858653931319713237e-01
7.475405665735402883e-01
9.276607413589955664e-01
1.739678974368919828e+00
1.176622658173243297e+00
7.038158432518442087e-01
1.295810285111268501e+00
1.063178438519438052e+00
1.054275770088036968e+00
1.517914484043916046e+00
1.258216929485400426e+00
1.245126998734970902e+00
1.201977580034484738e+00
8.567916626234850508e-01
8.471864368766546249e-01
1.370894397174318602e+00
1.295174236620466157e+00
5.752553264796733679e-01
1.903930115302403747e+00
7.739824515705306940e-01
1.364042534430821796e+00
1.010442933042844160e+00
1.180629670967658473e+00
7.116322125121949949e-01
1.024603285460422564e+00
6.656183529971166912e-01
1.047868611489733093e+00
1.051659310876081443e+00
1.020909731114904018e+00
1.293850282529990015e+00
6.553831292502583228e-01
1.002512336884004318e+00
9.072536437027156619e-01
1.064947337880730371e+00
1.182007848968108288e+00
7.494254731821515803e-01
1.141437874684731124e+00
8.671373859855036059e-01
8.338187814565996003e-01
7.869900638951607963e-01
1.203770112196604236e+00
7.362902711331844596e-01
1.537669931886096464e+00
9.622874043261010479e-01
1.275341273446877866e+00
1.017496950884039020e+00
7.630556037152806947e-01
1.054507200283308910e+00
7.491815846801423984e-01
1.133938750594000622e+00
1.088179851695895151e+00
1.159346889987743268e+00
1.275993251204490475e+00
1.007624172090242132e+00
7.121120281703769983e-01
7.903191036979356765e-01
9.283760193735360877e-01
1.008246025592088646e+00
8.749264325201512316e-01
7.954183466422061199e-01
8.489586372176806117e-01
8.705495147438098158e-01
1.018862912600549508e+00
8.535577235411618835e-01
1.081319007398560794e+00
1.072209535936514468e+00
9.115892550845939857e-01
6.832617466648419624e-01
7.619140506287415127e-01
8.992176287497084530e-01
1.094895306071266505e+00
6.783808879057567909e-01
8.711015311675145423e-01
1.006232970437655805e+00
