1.715516036351521834e+00
2.492062640587488609e+00
1.812170172929763678e+00
1.730884402592976823e+00
1.819992376963297742e+00
1.753034866054852703e+00
1.773140297929445719e+00
1.786385550896326890e+00
1.946025523245334954e+00
1.859231926500797272e+00
1.991833970397711040e+00
1.419550344944000342e+00
1.385205896993477959e+00
1.840125209192434941e+00
1.534017345905303475e+00
1.280293143391609378e+00
1.395163709918658013e+00
1.870394528706868398e+00
1.601606111327807280e+00
1.891212960481643890e+00
1.695427125096321319e+00
1.640551949540773879e+00
1.600707410971323297e+00
1.652240407168865222e+00
1.354595795919497636e+00
1.518882833321888892e+00
1.264641703665256411e+00
1.094352140954385266e+00
1.430064098524550520e+00
1.523991574247677949e+00
1.285962681391586759e+00
1.851513473788897191e+00
7.509368903065720691e-01
2.370439069271087718e+00
1.089638447016477496e+00
1.491840861191352285e+00
1.354178113366166780e+00
1.247249415417512441e+00
1.262776965002218921e+00
1.300621057500441768e+00
1.228141775329907759e+00
1.481197734077771333e+00
1.218380382657051175e+00
1.532731487900018674e+00
1.148923358668883399e+00
1.045511059574783186e+00
1.763482381850481007e+00
1.125499316702286645e+00
8.311646193762619594e-01
7.990972627202670431e-01
1.030125207006931332e+00
1.866427914500236485e+00
1.254831669727961119e+00
1.247541776150464798e+00
9.772564187645912392e-01
1.177723924393455190e+00
8.713999611884355456e-01
1.589842456579208640e+00
1.295256401697794768e+00
1.166342545834680333e+00
8.232123815454542859e-01
1.196735762047271168e+00
1.403239486751457044e+00
1.545299568660557288e+00
1.144908478483557923e+00
9.677238016823928035e-01
9.126225810746351197e-01
9.323637571930885048e-01
1.223353128035862936e+00
8.810269945859907637e-01
1.231845380365848452e+00
1.649578972756862827e+00
1.369504519800345266e+00
1.157595270872116000e+00
9.242640086139241040e-01
8.517201331133644748e-01
1.135586354136466802e+00
1.863797151533265861e+00
1.561214606960614537e+00
1.290055438354611450e+00
1.094279765288035389e+00
9.164997446537018755e-01
1.094008078671371065e+00
1.208550503378113206e+00
1.220299161225557594e+00
1.257802197883526762e+00
1.535255368935565246e+00
1.477021030498047782e+00
1.498136784235636343e+00
1.242704251507918078e+00
1.128651460135976503e+00
4.639334045909345727e-01
5.994154099305160077e-01
1.515447765837113270e+00
1.422799822588761698e+00
1.051394649222493261e+00
7.178828875223794981e-01
7.636662459373476652e-01
1.206843069891134990e+00
7.400364655752976750e-01
1.069974070315559800e+00
1.356664252430200612e+00
9.402977270632982831e-01
1.062933979158600328e+00
1.304062572146455601e+00
1.480134685585895671e+00
1.396028204907973302e+00
1.746646169101198298e+00
1.604999819373090997e+00
1.281627027392387541e+00
1.135457954909652623e+00
1.203465730659663890e+00
9.811800990005336010e-01
1.256823080331087139e+00
1.251751241485278054e+00
1.373190245926379838e+00
8.795125511536994178e-01
1.024915696531534248e+00
9.769794923470664916e-01
1.130747607151667333e+00
8.652712660034497238e-01
7.214379417647917014e-01
4.901288524828850690e-01
7.006519457822043551e-01
2.326560038328170155e+00
9.620635129014651898e-01
1.082789065999289146e+00
1.014095317473013846e+00
5.744625711130598722e-01
1.100244226654370605e+00
1.064613832471271282e+00
1.113510058571895112e+00
7.756951276957988473e-01
7.399224494956434528e-01
1.306056774482131200e+00
7.699499469328050516e-01
1.302016190473611390e+00
8.625703056653341028e-01
1.295016059341530079e+00
8.674766147757569934e-01
1.044046828144540306e+00
9.677743833263715567e-01
1.195973253321523266e+00
1.145055150271703903e+00
5.348302650948366654e-01
7.135384806462874430e-01
1.586988716404885036e+00
1.444766843318939120e+00
1.030827230426172303e+00
6.971382040157914073e-01
