1.561306993961334211e+00
1.655038484533627452e+00
1.630539351900418765e+00
2.775947555700938096e+00
1.809439753095309245e+00
1.969512338240941407e+00
1.803800175189971711e+00
1.965054799715677758e+00
2.281839565833410077e+00
1.801795320709546733e+00
1.640567173361778375e+00
2.191282679438590897e+00
1.284769673446814142e+00
1.151801062772671580e+00
1.934719844410816902e+00
1.591628301143646285e+00
1.922735652327537847e+00
1.592278310060501356e+00
1.103282145410776183e+00
2.062194248040517319e+00
1.696497200429439633e+00
1.429923268159230432e+00
1.427460033098856496e+00
1.483629603783289896e+00
1.639808966716130412e+00
1.431911062796910716e+00
1.343117075289288920e+00
1.109165767729282326e+00
8.899171938685078720e-01
1.814687485645214648e+00
1.843582780857881076e+00
1.173238259156545116e+00
1.391958741322159909e+00
1.966141219486793101e+00
1.002735808491706848e+00
1.347308893899122895e+00
1.428947073419888802e+00
1.230812502006689790e+00
8.498338222503661887e-01
1.452816521202524580e+00
1.248014238700270839e+00
1.477501076161861437e+00
1.003403496785710169e+00
1.668368209699789606e+00
1.097813113629818149e+00
1.173026559203863117e+00
1.198790746927261397e+00
1.764320482313632921e+00
1.156547680168102277e+00
1.067284960796435866e+00
1.189190339061121371e+00
1.368369896660248441e+00
1.346571544657151120e+00
1.410185567438602350e+00
1.419148064752419724e+00
1.497795273959636519e+00
1.256507114395499114e+00
1.256416789640983023e+00
1.420229640007018679e+00
1.441315202265977868e+00
1.053559798300266470e+00
1.049864845971266281e+00
1.192709052413702064e+00
1.416449724237123897e+00
1.189966326951980236e+00
1.087795074532429407e+00
1.009568145250280491e+00
1.294270084152619127e+00
1.200042936305205199e+00
8.422160260876021542e-01
1.653855653057496156e+00
9.925323545932769331e-01
1.230126112848520137e+00
1.792127160628636862e+00
1.445185035169124665e+00
1.092982591589291896e+00
1.033615707196295253e+00
1.123242206176122027e+00
8.333721461395422470e-01
7.546763467788697444e-01
8.736899602909883322e-01
1.438049799501895931e+00
1.046667799080411632e+00
1.575553279345234259e+00
8.354344524939856242e-01
1.034103557939330731e+00
1.701674510439237009e+00
1.508202176888783885e+00
8.938658029089371349e-01
8.639916937053202517e-01
1.130085400504370563e+00
1.093072080314159367e+00
1.043672697246074588e+00
1.107743373705694978e+00
5.959777915850281715e-01
1.162371034224827904e+00
1.042372146223982110e+00
1.254236992901812009e+00
6.152452748781070957e-01
1.184197188938657330e+00
8.832435877124467094e-01
1.154625236143668410e+00
8.796460606654484815e-01
7.359960395842790604e-01
1.434470288654168257e+00
7.501063439560433643e-01
1.148035171426211587e+00
1.414201716768245021e+00
9.764772967000803217e-01
1.024967271735270691e+00
1.181659146100282776e+00
9.828666930894058851e-01
8.603505092362565554e-01
1.408241397142410367e+00
7.358572273608297021e-01
1.066436123022188820e+00
8.259728120197541434e-01
7.241947825318978404e-01
1.194811355670293285e+00
1.219334731400012917e+00
6.317486795534689170e-01
6.895606321585364684e-01
9.270199485619864399e-01
1.097333549906810202e+00
7.675450346230838772e-01
7.742020249863464931e-01
9.783426094427702946e-01
9.690420345899959376e-01
1.378987795462210952e+00
9.408661151925723498e-01
1.326338890393575110e+00
7.868474299833179142e-01
7.684745768954355238e-01
1.129165939291318255e+00
9.706841235856215055e-01
1.114098621308803549e+00
5.267528989911078874e-01
1.176762606998284610e+00
3.895061897858977384e-01
7.948624208569526894e-01
1.242684827918807633e+00
5.871487955252328028e-01
7.265205795938769473e-01
1.606391784977168058e+00
1.543036773900190894e+00
1.034736284922498140e+00
1.114547721852237938e+00
1.171557253797848919e+00
1.155453875164190958e+00
1.463047723174095038e+00
