1.539370831449826671e+00
1.176677085359891128e+00
1.073190116137266115e+00
1.007759344875812424e+00
9.309831213951111906e-01
8.567814016342163441e-01
7.836700276782114782e-01
7.227448583890994094e-01
6.597252251704532888e-01
6.097900975619753305e-01
5.684540948706369168e-01
5.323101952920357149e-01
5.012945554653804869e-01
4.768799405358731813e-01
4.519319389450052737e-01
4.359518871487429448e-01
4.223789402407904237e-01
4.076653946004807350e-01
4.027777658651272574e-01
3.940029177783677672e-01
3.872617138891170097e-01
3.824758502220114154e-01
3.749281850922853154e-01
3.711435945689057214e-01
3.692946864260981954e-01
3.644652369758114019e-01
3.580777795581767675e-01
3.626151372445747811e-01
3.579081134994824831e-01
3.588432947173714749e-01
3.540457521441082167e-01
3.493021823869397191e-01
3.493412354371199791e-01
3.450307181516351629e-01
3.485470783074075540e-01
3.472422254054496893e-01
3.430139158712700587e-01
3.477289494577174289e-01
3.433130664844066260e-01
3.318450101453345180e-01
3.359787970207010477e-01
3.353928583088174875e-01
3.369412285221430325e-01
3.375483151036314799e-01
3.313561118382494786e-01
3.318180746169915318e-01
3.305227163251644451e-01
3.294068160647293242e-01
3.276200983168867653e-01
3.295748250539569657e-01
3.272107377529998584e-01
3.219081578813104416e-01
3.224806719384892828e-01
3.193181174628746954e-01
3.220990349503699557e-01
3.127998253588642474e-01
3.102967713802354810e-01
3.165473054567700673e-01
3.066508185789765806e-01
3.084040694301559693e-01
3.057137021406863830e-01
3.073394416682034280e-01
3.035997733001325471e-01
3.063271452748450030e-01
2.989815222332738998e-01
2.970452743655186967e-01
2.972228647546338864e-01
2.962019960252412210e-01
2.877208570019865741e-01
2.913909673238230802e-01
2.920586413456476294e-01
2.804451969174260872e-01
2.818578234203353849e-01
2.829883775229002918e-01
2.755293146469678933e-01
2.768506034947252892e-01
2.839066758646125455e-01
2.758567187255479003e-01
2.705158474628600596e-01
2.733984973798275764e-01
2.693316672236081288e-01
2.699722164786605427e-01
2.696185679003731961e-01
2.630622349609378352e-01
2.586119291184149627e-01
2.571656166716820846e-01
2.662634151770907898e-01
2.594850658662714027e-01
2.584191341948219867e-01
2.539709408535539836e-01
2.488320386379693494e-01
2.529403897290952719e-01
2.503657780059378446e-01
2.493930138491123327e-01
2.481172530139884036e-01
2.415006541220161007e-01
2.477360339394454325e-01
2.480819766554395456e-01
2.426256506055506357e-01
2.435437038131446352e-01
2.369363229778719548e-01
2.349215571036074868e-01
2.363243637709699085e-01
2.347429828955447939e-01
2.288649666149528417e-01
2.313916760409847895e-01
2.304196370208107525e-01
2.362378761747277456e-01
2.316612899700673245e-01
2.216326834603751517e-01
2.238201538829890092e-01
2.239415873633212595e-01
2.276808865584704633e-01
2.215880907030926272e-01
2.255431304459731834e-01
2.225820285085501615e-01
2.191975588792047236e-01
2.184229027148952285e-01
2.218366833565596496e-01
2.145098002180748364e-01
2.149493358023149558e-01
2.137614899807764313e-01
2.190477152661939597e-01
2.127085753056766060e-01
2.120311323277443427e-01
2.177687588187806056e-01
2.085323447219646908e-01
2.087369765707626501e-01
2.100509506726120912e-01
2.134449462318540325e-01
2.144995553859068149e-01
2.070140537937428804e-01
2.115438018866795389e-01
2.089036698374366341e-01
2.071480400910816200e-01
2.121224119183929280e-01
1.977167790313372475e-01
2.011482695188533398e-01
1.997916331124664491e-01
2.029562301710878813e-01
1.992304940265815505e-01
2.064062853694334509e-01
1.974726151807893459e-01
2.011735467032970681e-01
1.942254513140899974e-01
1.967412921532347148e-01
1.948471338214464166e-01
1.931923588756217225e-01
1.905047678725160787e-01
1.938083157562202063e-01
