1.853572163979212650e+00
2.157918572425842729e+00
1.981312712430954193e+00
1.978386527995268596e+00
2.148650052944819144e+00
2.103906844059626469e+00
1.957105133930841845e+00
2.017795847058295955e+00
1.839744965235392105e+00
2.133223993976911093e+00
2.245116896033287013e+00
1.674202125618855064e+00
2.036687354445457565e+00
1.729755135774612373e+00
1.417469527920087291e+00
1.744519436111052757e+00
1.786439532041549594e+00
1.423585132608811143e+00
1.806816840370496280e+00
1.546333044742544294e+00
1.805664505461851643e+00
1.981355538964271634e+00
1.242532297174135936e+00
2.446848680575688384e+00
1.133144055753946278e+00
1.528718006033450205e+00
1.472264645000298966e+00
1.481270346374561120e+00
1.202592824685077000e+00
1.603086012999216603e+00
1.997004863619804338e+00
1.639213596185048250e+00
1.213573625733455064e+00
1.644252683818340444e+00
1.215197741463780456e+00
1.346975870095193262e+00
1.515613452146450602e+00
1.378145024528106166e+00
1.099832828541596808e+00
1.518220553199450151e+00
1.222163190344969452e+00
1.371538707911967858e+00
1.345482029492656384e+00
1.429394378028810308e+00
1.429952879026532120e+00
1.231908645629882670e+00
1.131525366418063561e+00
1.730273225208123433e+00
9.876511258942384242e-01
1.537649715542793061e+00
1.207969986399014761e+00
1.228726240992546126e+00
1.338358487710356481e+00
1.355911054412523686e+00
6.657842651226868469e-01
1.826755532522996273e+00
1.286342998743057020e+00
1.444581505755583306e+00
1.232760254703462177e+00
1.617147558555007025e+00
1.081505979920426963e+00
1.584854130645592774e+00
1.211715831160545154e+00
1.419984699885050494e+00
9.953231075902781999e-01
1.034007621034979785e+00
1.486591863657037438e+00
1.251711639824013123e+00
1.683148482839266435e+00
9.796843177452684293e-01
1.535744783083597742e+00
1.471620092665155699e+00
1.014095369993398554e+00
1.463490258157253532e+00
9.281330654025078397e-01
1.100335304141044412e+00
8.423527662114549397e-01
1.332522162186602799e+00
1.437338787838816856e+00
8.272193622837462623e-01
9.379010032117367501e-01
1.144765837738911163e+00
1.290434719522794094e+00
8.411189942806960307e-01
8.172002624596158560e-01
8.934449349436908161e-01
1.246837865789032884e+00
1.179514549002051549e+00
1.150493910610675963e+00
7.850548920532067765e-01
1.371365247443318225e+00
1.636890358726183381e+00
9.305657278994718951e-01
1.609666622579097650e+00
9.192518501977126055e-01
1.776586968650420761e+00
1.532947700098156840e+00
1.206482235491275645e+00
9.988909604959191890e-01
1.090540652830774615e+00
1.317405392626921357e+00
1.584636225358893480e+00
9.063254556804893891e-01
1.243802223503589710e+00
1.143455432616174328e+00
7.077935674212252337e-01
1.293844683070977553e+00
2.125672342578569740e+00
1.058760529700666808e+00
1.621721110741297212e+00
1.327525226374467460e+00
1.071147769714395626e+00
1.055939031628271074e+00
8.507272110134362908e-01
9.273590354373058009e-01
1.263653543591499506e+00
1.179823271632194359e+00
1.299641238550345301e+00
5.095923607299723823e-01
8.688005898644526326e-01
1.239290099541346057e+00
9.106795588135719877e-01
8.753015667634704844e-01
1.174294148546954020e+00
1.209467724561691160e+00
1.434706010023752532e+00
1.002272972265879414e+00
7.353465969860553120e-01
1.378173192664980951e+00
9.114209760892361123e-01
1.509160906809071667e+00
1.081287010544911054e+00
9.594853178660074366e-01
6.868077088582019707e-01
1.308954113771517935e+00
1.045980397810538642e+00
1.099474529015521451e+00
1.229182114874323162e+00
1.117234479375183387e+00
7.780844451735415834e-01
1.030816579212745054e+00
1.009783358196728154e+00
7.045552010834217338e-01
1.487352166920900221e+00
7.361683505276839234e-01
8.869433263937631651e-01
7.464686470478774094e-01
1.099795184520383717e+00
9.673129512819771403e-01
1.047093213175733784e+00
