1.697160505188835655e+00
1.858159734739197599e+00
1.723977755308151227e+00
1.454434125622113383e+00
1.470037482231855153e+00
1.466466507911682315e+00
1.467729220696621484e+00
1.189112733031312485e+00
1.535802496820688479e+00
1.255356525141331669e+00
1.335334006299575105e+00
1.287081742162505815e+00
1.203208920735244991e+00
1.047929423620096667e+00
1.138750940387447619e+00
1.048555848666777202e+00
1.094036382467796553e+00
1.094855827209022525e+00
1.090104932041010999e+00
9.928994899988176082e-01
9.451207753519217381e-01
9.580364145586888203e-01
1.126603840198367790e+00
9.930091621214524045e-01
6.878221028158441053e-01
1.295403360090373379e+00
9.692804174994428257e-01
9.420550507927935024e-01
6.470807707806429665e-01
7.243918223306536897e-01
1.069906422520677136e+00
7.415634154093762032e-01
9.813954187050046851e-01
1.025879751563382625e+00
7.003027263821824944e-01
6.127222128895422060e-01
8.002865958151718084e-01
7.053648608565949996e-01
9.610044561155761667e-01
1.127276550754904516e+00
8.425869812878469256e-01
1.039595335324605241e+00
7.318733956975241872e-01
8.525475813075897857e-01
9.638976887365181545e-01
7.907372490627070372e-01
8.593529440012451781e-01
5.883522697437244542e-01
7.608570763342625831e-01
8.081901232236609056e-01
1.059827960813159553e+00
9.093275787730494830e-01
9.013816941968009200e-01
7.416868542879819781e-01
7.232144990283997377e-01
9.198628936455739424e-01
8.482891084494379452e-01
5.650184669954857464e-01
8.635399217303427744e-01
9.456892932620315495e-01
6.954961020965130247e-01
6.468516309497257533e-01
5.470802005815008640e-01
9.348149334453047521e-01
7.035752331341307286e-01
1.000971872802409957e+00
7.952522404000369471e-01
6.904797427915037034e-01
5.509099802499015652e-01
9.320524335124842352e-01
7.374279420108844629e-01
6.329735698675115207e-01
6.901958259847015276e-01
5.316364280010263954e-01
7.560925529152155988e-01
8.522853209016224563e-01
5.369257259531877713e-01
5.631958688609302044e-01
6.043805257810487275e-01
7.263734744271884702e-01
5.549107413614789985e-01
7.771759964492068740e-01
8.495748305507003773e-01
5.823390225421947175e-01
5.250640420336275538e-01
7.785523184326786916e-01
6.715361127640224748e-01
5.215185293244818387e-01
4.665508050688852437e-01
4.865168523446966597e-01
5.705921538135346749e-01
5.982385684084147170e-01
8.979092812031093107e-01
6.323484169567624713e-01
4.929494747519493347e-01
5.911873646577199271e-01
9.035062624938371423e-01
4.115427409940296544e-01
7.080940300164122458e-01
6.216770900832488955e-01
6.233251337872610653e-01
6.434023326066219406e-01
5.995979257926553618e-01
4.219402796302974545e-01
4.501104244129318088e-01
5.581100765751518811e-01
4.960941879571570956e-01
6.809697199240327681e-01
3.268470013353120263e-01
8.492041204905804719e-01
7.255560196160029118e-01
6.376387254816168193e-01
5.522899281543989236e-01
7.567933476760259071e-01
7.675894834225377439e-01
4.904043845609865615e-01
4.083165500778704882e-01
6.692741087447696691e-01
5.314015973165320261e-01
6.271334214756886238e-01
4.223164142873914173e-01
3.296510287203515688e-01
6.018553805390063349e-01
5.882541624324706397e-01
9.138163858372717607e-01
4.217657416391497049e-01
5.976652210816973954e-01
6.683226854304991083e-01
6.462265028089070329e-01
5.902366062667635527e-01
5.096048836503178636e-01
4.990650101306123854e-01
5.450547091193341798e-01
4.945779508429890003e-01
4.279016503140640748e-01
6.596072215136762340e-01
5.530783611331651084e-01
5.354158610478043645e-01
4.285523513914085703e-01
4.398690027215829135e-01
5.288179810030850803e-01
4.514059599302709391e-01
3.962696348208313291e-01
4.211294596735387641e-01
5.794488268423205746e-01
3.622550913831220076e-01
3.229829538093568764e-01
3.860196998105190347e-01
5.789102831253292170e-01
5.273434675407286942e-01
