1.690576619113090873e+00
1.392810514952928402e+00
1.250380359428190813e+00
1.140279560836534811e+00
1.098684087111363228e+00
1.017726703475865246e+00
9.548644989326833254e-01
9.583418748506478124e-01
8.350999168253074867e-01
7.489230018842019110e-01
7.542118546497076359e-01
7.038298994787627327e-01
7.517398886783196454e-01
6.442116676817929433e-01
5.798859952168893273e-01
6.266111706463577402e-01
6.293908766538678368e-01
5.291798349431040549e-01
6.170749528892337521e-01
5.735760891303449682e-01
5.617547937641363953e-01
5.234075896230023783e-01
5.315225193041860363e-01
5.085449840263610577e-01
5.397532936524126468e-01
4.922353279723135633e-01
4.961982475133162040e-01
6.003019701863624435e-01
4.810614084739400775e-01
5.054251816904187233e-01
4.696717824388465523e-01
4.551422426706172031e-01
4.645837877796653581e-01
4.699198846165756338e-01
4.252165928406803630e-01
4.914043698057085630e-01
4.202400654376683420e-01
4.142404432272385750e-01
3.929313774173404661e-01
4.575240136090007459e-01
3.904364878868532562e-01
4.564570906971717745e-01
4.266244714528115156e-01
4.276282930403440541e-01
3.824095079990635915e-01
4.341724643311611342e-01
4.528889288255457113e-01
3.793923056923932391e-01
3.943757782132278344e-01
3.885052793063444865e-01
3.526428367089525229e-01
4.180678406678295933e-01
3.514920271484294756e-01
3.560743642688750654e-01
4.010265497232543552e-01
3.520468328458050133e-01
3.975037705597823101e-01
3.265508721588209484e-01
4.023818403458137571e-01
3.541289331010547548e-01
3.735638483092706408e-01
3.667686380223058595e-01
3.708958527490696655e-01
3.636601203121928583e-01
3.343693146908365277e-01
3.883345083741245873e-01
3.596535968328028465e-01
3.288976751170943902e-01
3.226272657198613336e-01
3.186829080636103262e-01
3.550806704162257632e-01
3.702987367651306982e-01
3.321719481863201762e-01
2.976885695360914075e-01
3.567460739998413177e-01
3.601040319554093538e-01
3.390527969196194813e-01
3.295440575903094693e-01
4.256215881895946684e-01
3.302241989689886359e-01
3.202859586792376478e-01
3.457681385940827301e-01
3.339260150011386097e-01
3.123131886982370431e-01
3.102706443412739379e-01
3.003537328977005094e-01
3.361949427053812500e-01
2.857453588576440717e-01
3.901283742833424606e-01
3.044745189071233482e-01
3.229824858861984893e-01
3.024018791437108056e-01
2.856104504610486039e-01
3.572519671847974587e-01
3.007662651802636145e-01
3.435248479311842074e-01
2.847898672755654337e-01
2.941169550804539345e-01
3.185618016514215611e-01
2.797807521453692381e-01
3.159417659402049550e-01
3.419382269998701984e-01
2.433284441969158496e-01
2.969160842208546369e-01
3.204738560136821679e-01
2.897562947569947145e-01
3.242933733306588850e-01
2.837238055113117663e-01
3.152850810741166798e-01
3.152239974405420808e-01
3.082518193674863016e-01
3.281171687261094094e-01
2.869218476939491280e-01
2.990531949320434091e-01
2.756230578931854192e-01
2.672838708373149186e-01
2.926499176567584071e-01
2.375997433943030646e-01
3.731973045791788790e-01
2.764908663745773709e-01
3.082155442967833836e-01
2.314727260369534023e-01
2.950474784990669841e-01
2.922619098198427912e-01
3.011416585971251059e-01
2.863287889583309709e-01
2.482342660357161335e-01
2.916903225234256936e-01
3.257876127241211561e-01
2.517041526752124558e-01
2.927218536631562840e-01
2.515853748776994414e-01
2.853260543615823153e-01
2.510263897191635230e-01
2.720386780046272768e-01
2.692901080903571387e-01
2.570397685931787857e-01
2.600534656408191037e-01
2.654767675703988417e-01
2.777360605086590106e-01
2.457944682066972031e-01
2.593601549174803234e-01
2.653193190202768892e-01
2.391066301450436582e-01
2.389227523753399696e-01
2.520838349567733339e-01
2.647264857922764225e-01
2.587391159398358953e-01
2.302339934322032433e-01
2.265069368189525645e-01
