1.563600978851318324e+00
2.060230350891749218e+00
2.044995058377583774e+00
2.031722795367240764e+00
2.089669872522354588e+00
2.127973875006039517e+00
2.000857928196589253e+00
2.028009874820709157e+00
2.135174703324834500e+00
1.447261200168480366e+00
2.340220702091852623e+00
1.665096998214721680e+00
1.461778590381145326e+00
1.742002163330714115e+00
2.094525749571621631e+00
1.389543811049467559e+00
1.832616874178250699e+00
1.523930165171623274e+00
1.644528978529075758e+00
1.180410813291867367e+00
1.676922438840071194e+00
1.711583964427312310e+00
9.644832844783863823e-01
1.777732781668504014e+00
8.575747952672342356e-01
1.240030398319164728e+00
1.774777094125747912e+00
1.671361496150493453e+00
1.165324585139751346e+00
1.779244481126467381e+00
1.390627349813779334e+00
1.789551734427610841e+00
1.301112820456425512e+00
1.433045783936977680e+00
1.559522072573503060e+00
1.701810029074549702e+00
1.655063428133726422e+00
9.326587198767812836e-01
1.692887348135312164e+00
9.628659734626611177e-01
1.078753381222486540e+00
1.437763334711392726e+00
1.213139249533415009e+00
1.173666472633679625e+00
1.100522083590428135e+00
1.149579357753197417e+00
1.421105847234527042e+00
1.328015567411978903e+00
1.113680943995714490e+00
1.216470099737246624e+00
1.474999556044737536e+00
9.767011891802152013e-01
1.209326955278714255e+00
1.289492187201976447e+00
1.398432184743384488e+00
6.986008435674011530e-01
1.199225251078605670e+00
1.486125343143940070e+00
8.735696765159568500e-01
1.462387138141008736e+00
9.946219104893195828e-01
1.321464691006985825e+00
2.108941904604434647e+00
7.564533518751462848e-01
6.367604548484087079e-01
1.893136140505472964e+00
2.025137013246615769e+00
8.551081286370754153e-01
1.386695805191993758e+00
1.449218297700087366e+00
7.472969060142835573e-01
1.009588105777899703e+00
9.987577839878698516e-01
1.612484452289839165e+00
9.729883294304213504e-01
1.255710464318593456e+00
8.433024155069140937e-01
1.645587964753309818e+00
1.354831139777476379e+00
8.462942075481019177e-01
1.697727020680904531e+00
8.296064199258884608e-01
1.480281768987576019e+00
1.132693828226377430e+00
1.752286066015561250e+00
1.037368789079288867e+00
8.665770723422369093e-01
1.710600891479601371e+00
9.110029381016889749e-01
1.628789018589692716e+00
1.467165579721331437e+00
1.092790534732242413e+00
7.388590179135401392e-01
9.138832656371717045e-01
1.099002811213334541e+00
9.451201490312814979e-01
4.936848143208771300e-01
1.118345635657508996e+00
1.383799056845406605e+00
7.692401557415724511e-01
1.105093299100796234e+00
1.703185750618577021e+00
1.247329292893409880e+00
1.194278095525999728e+00
1.143088487188021363e+00
1.649250747660795824e+00
8.621184076306720456e-01
7.575190130434930058e-01
7.197320646295944924e-01
7.731359440212446366e-01
1.321651718715826984e+00
1.153319737166166314e+00
6.917661493768294534e-01
8.509819174620012472e-01
1.124433808674415003e+00
9.561094466876237652e-01
8.873902936403951225e-01
8.176617656523982314e-01
7.569048545261225502e-01
8.175722289582093572e-01
1.989795964447160559e+00
9.418472879814604459e-01
1.085387242568346622e+00
6.707657225057481742e-01
9.978747843950988017e-01
8.308573207259180027e-01
9.359200254579382872e-01
1.198220819048583463e+00
1.054451203181718810e+00
9.773555439089737229e-01
6.846002264320850683e-01
7.809757094085216789e-01
7.421279327121254044e-01
7.453266829981777253e-01
1.006863628569990343e+00
1.023715743726740346e+00
7.641872618844112175e-01
7.515774987777694705e-01
1.193334517851471821e+00
6.157407652555654254e-01
1.190760241945584497e+00
1.034083923002083960e+00
6.316664391973366710e-01
1.054407365365574778e+00
1.170830843920508846e+00
7.656548982129121050e-01
1.176699492782354195e+00
9.872423694996784738e-01
7.928991057972114564e-01
1.549957772890726559e+00
