1.606509037812551055e+00
1.206093209319644588e+00
1.635775353511174313e+00
1.080129571093453533e+00
1.466300125254525133e+00
1.116300797462463246e+00
1.380721252494388152e+00
8.933600912491479473e-01
8.624431197841960772e-01
1.118630845546722430e+00
8.447551816701890370e-01
6.693703211016126531e-01
9.641111363967258541e-01
5.519323378801345159e-01
9.458091848426395387e-01
5.153480014867253267e-01
4.257735187808672772e-01
1.332910314947366892e+00
1.007063919678330421e+00
4.984997333751784443e-01
1.391354302565256829e+00
1.217875546216964588e+00
8.615483005841573227e-01
7.583017051219940186e-01
6.252150097241004900e-01
4.462064309666554096e-01
6.320606380701064841e-01
5.043302128712336962e-01
4.069254698852697860e-01
1.369599922001361936e+00
6.178745279709497717e-01
1.202035234620173920e+00
9.203446020682654050e-01
1.058681079496939903e+00
3.398582813640436129e-01
1.352079647779464766e+00
5.733373665328448388e-01
9.791953615844249947e-01
4.379524282283253633e-01
5.215831879112454716e-01
1.147046012555559269e+00
3.503559492528438568e-01
6.172156610422664391e-01
5.826427896817526486e-01
3.162051817195283276e-01
4.043356773133078841e-01
6.233018730456629797e-01
2.723349610964456713e-01
1.984014567401674034e-01
9.010595706601938204e-01
2.276628121526705073e-01
5.522310736340780846e-01
7.172569107678201661e-01
5.506876604010662035e-01
3.643230343858401277e-01
3.729655933566391468e-01
9.491998684075143577e-01
3.862376698189311508e-01
1.876514608661333794e+00
4.707634429757793226e-01
3.068797459618912704e-01
1.496966071116427599e-01
3.766259868939718092e-01
3.959730956289502779e-01
9.730211651573578147e-01
4.376306696277525998e-01
5.969493836888836169e-01
5.607471010751193807e-01
3.595280628030498304e-01
4.255834155612521208e-01
1.316181065721644172e+00
3.471904812587632283e-01
6.354957108696300816e-01
2.470882883916298844e-01
3.413753167182828063e-01
3.630332373082637565e-01
2.440614729705784247e-01
7.596893543765571577e-01
3.543736434903824173e-01
2.058942718431353569e-01
1.415315779546896469e+00
4.620018883297840606e-01
2.439999247642440638e-01
3.196484146122303138e-01
6.665490804447067319e-01
4.170119935025771163e-01
3.498135369271039852e-01
3.559203832875936779e-01
2.332791028233865693e-01
4.547764758993353973e-01
2.320956325003256104e-01
4.587068251437611544e-01
6.070359471991347844e-01
6.977057113001744471e-01
7.420691694753864809e-01
3.663999135347290603e-01
3.039466274281342750e-01
3.045186226359671844e-01
3.431892831758078799e-01
3.363945534866716880e-01
6.233762919902801070e-01
4.371367283268934867e-01
1.357162827004989025e-01
4.588774996872719836e-01
3.426245314392468155e-01
3.308997842483222818e-01
4.328644969397121289e-01
3.682920555428912390e-01
1.095900591217084941e-01
6.273891636894809443e-01
2.121961067585895477e-01
2.787711927919493404e-01
2.677830246587594165e-01
4.800844940046469778e-01
3.817409157752990612e-01
3.593591373827722535e-01
1.940428211974601080e-01
3.138751224847510235e-01
3.459850407143433837e-01
1.544339226041403224e-01
5.279441818594933222e-01
1.701107817727865734e-01
2.906942344788048249e-01
7.665589147661294733e-01
7.553082533180714986e-01
5.153961773133940438e-01
1.378027217824840112e-01
1.070203617215156555e+00
3.954544536769389329e-01
4.850994906698663511e-01
4.887719333999687166e-01
3.409456884100411922e-01
4.696136308213074706e-01
2.374150694244437643e-01
1.042221259034704361e-01
2.264821173002322663e-01
6.534976858335237448e-01
7.627602552374203038e-01
3.370971126067969226e-01
3.920852084126737469e-01
8.653530186249150935e-01
2.582717830522192615e-01
4.786376384397347805e-01
4.381628111004828852e-01
3.536215502354833617e-01
5.465132304363781168e-01
3.747914099693298584e-01
3.197880784360070949e-01
2.895659292737642887e-01
4.783825289251075752e-01
