1.638939726352691473e+00
1.534838767846425256e+00
1.173522604836358063e+00
8.798971699343788311e-01
1.408794845475090929e+00
1.304680656062232158e+00
1.290968184669812446e+00
1.346948579450448102e+00
1.233855297416448726e+00
1.913328319787979126e+00
9.698772225942876579e-01
1.733899164199829146e+00
1.203876874844233447e+00
1.356150789393319123e+00
1.189229961236317967e+00
9.863296733962164664e-01
9.842152433262931766e-01
1.156068772615657991e+00
1.731217118104298791e+00
1.367369855195283757e+00
7.679242526491483201e-01
9.225052696963151888e-01
9.081895636342879330e-01
1.225112577279408699e+00
6.930481873452664088e-01
1.052365821167930093e+00
4.147300394148462632e-01
8.465688232332467811e-01
6.050610103489210134e-01
7.028130059440931277e-01
1.053843301534652666e+00
5.690722717179191870e-01
1.355295287941892912e+00
7.342916293276680051e-01
7.070264995098114458e-01
5.275813102722167747e-01
1.351428623331917711e+00
9.131697790490257427e-01
1.134098629156748306e+00
4.012991497913996897e-01
4.367830157279968262e-01
5.578093352003229421e-01
1.182171905371877996e+00
5.521618352995978363e-01
6.523999220381180297e-01
1.049608500136269607e+00
9.014263444476657838e-01
5.521446401874223753e-01
1.153302042020691642e+00
6.299439750611782740e-01
6.415744057959981150e-01
5.876890348063574798e-01
8.995643590887385521e-01
3.728196816311941664e-01
5.447643813159730453e-01
3.695770618816216491e-01
7.066819913685321586e-01
6.690475270152091980e-01
7.777599155902863437e-01
2.209971283872922132e-01
1.253940024074270410e+00
6.706713158223364113e-01
1.154005563466085293e+00
4.218890176879035447e-01
1.084039580490854027e+00
3.116633941315942180e-01
3.506255404816733257e-01
9.007970343447393446e-01
1.310855813821157012e+00
4.145837825205591076e-01
9.220659108625516298e-01
9.832910820841789246e-01
2.465303985246768137e-01
1.150424883851600244e+00
4.341283552426224435e-01
5.775283558501137504e-01
1.105425198665923592e+00
2.652195532081855212e-01
4.324445137385433680e-01
1.698145923680729252e+00
4.079981772436035992e-01
1.708901284800635523e+00
7.653427672055032049e-01
9.108877600895034510e-01
7.433843625916375375e-01
3.473714173771441094e-01
7.386908186806572241e-01
3.631226559480031368e-01
5.344807836330599526e-01
4.940068486664030978e-01
2.955952414634844261e-01
5.789558220240803577e-01
9.015528147419292759e-01
3.553344875160189820e-01
3.488586410052246234e-01
9.387833672679134489e-01
2.371262958480252203e-01
6.828105184766982694e-01
4.473415830069117916e-01
4.441877226034799953e-01
1.019750963130758858e+00
4.320733726335068137e-01
3.467049804050474915e-01
3.362216840187708389e-01
4.272908366543965442e-01
3.712488642997212041e-01
4.858708865345559569e-01
1.012649986810154390e+00
3.067912739494608743e-01
5.484475005831983552e-01
8.157415135453144339e-02
2.230738603031365841e-01
5.597887494497829630e-01
8.293209960063299135e-01
5.119124790032704153e-01
5.260060422950320058e-01
2.293510965382059286e-01
2.984022841271427029e-01
4.205347928735944651e-01
1.010885276438461489e+00
2.428335792074600707e-01
2.748162435988585339e-01
4.703421937094794392e-01
2.443277445932229286e-01
1.117692650026745227e+00
7.197447001313169723e-01
2.581567588779661304e-01
7.396898754768900242e-01
2.727502689075966824e-01
1.741192083184917860e-01
3.118628725306027416e-01
2.075376018726577121e-01
2.702773280441761461e-01
4.814421235118060971e-01
4.094711740811665113e-01
1.129104350972920390e+00
3.941492776075998794e-01
2.543321458829773674e-01
5.537779902418454858e-01
5.577254939306941495e-01
7.695946330566787452e-01
2.998324973715676411e-01
3.669606024192439420e-01
1.572749964478943052e-01
9.966701691349347803e-01
3.922334415631161808e-01
4.612030645211538382e-01
3.500208860470188643e-01
1.928784169411907612e-01
9.422163001520352799e-01
