1.655908646186192712e+00
1.566491911808649551e+00
1.428896162245008483e+00
1.974757921695709406e+00
1.672230201959609808e+00
2.014889766772588242e+00
9.080629090468088638e-01
1.494663212696711208e+00
1.029276559750239128e+00
1.476207280158996715e+00
1.141456928849220454e+00
2.437483219305674353e+00
1.092344138026237532e+00
8.583448822299639680e-01
2.765133396784464459e+00
6.162834142645200464e-01
8.223147953550020706e-01
7.620958844820657774e-01
2.103816765546798528e+00
4.244352964063485834e-01
6.189510737856229738e-01
5.856951420505841499e-01
1.699061063925425330e+00
2.130265327294667443e+00
1.407582030693689923e+00
8.469153210520744546e-01
1.389273294806480319e+00
1.167361860473950852e+00
4.744749337745209905e-01
9.484042957425116160e-01
1.214690043528874774e+00
4.922290058185656569e-01
1.350464074810346027e+00
7.615063766638439091e-01
5.031069695949554887e-01
1.699064109722773219e+00
1.022608757019042969e+00
1.000564496715863338e+00
8.333451613783835477e-01
9.879002564483219118e-01
5.944418386866650028e-01
5.684481600920359146e-01
1.255761910478274013e+00
1.335474081834157722e+00
7.452642811669244471e-01
5.505223313967386733e-01
5.022433996200561523e-01
8.811624470684263910e-01
5.004705123603343520e-01
7.214782431721687983e-01
3.555095526700218778e-01
8.347953006625175032e-01
6.173619036873181365e-01
8.251275469859440381e-01
5.935387098126940764e-01
4.777959659695625305e-01
2.667088095098734124e-01
5.298921470840771697e-01
4.271642995170421564e-01
2.533818495770295276e-01
8.301516925295193694e-01
2.708445413659015810e-01
1.377713919182618429e+00
4.759571694665485353e-01
4.690206453204154857e-01
1.383757451176643505e+00
6.093953296542167219e-01
7.590722291833825741e-01
9.019763092199961640e-01
8.644784341255824511e-01
4.334104853371778532e-01
2.756200081358353704e-01
1.890229377585152803e-01
1.294516987105210681e+00
5.950030341744423357e-01
3.955350985129674202e-01
8.348154654105504058e-01
2.667221225798129813e-01
4.289532495041688542e-01
1.144159298638502742e+00
1.391011306643485934e+00
4.912231237938006756e-01
5.897526639203231058e-01
2.729797467744598527e-01
9.613420411944388899e-01
4.872465403129657147e-01
3.350855752204855431e-01
3.650616309295097728e-01
1.657056337843338667e-01
5.676859557628631814e-01
8.925929503515362962e-01
4.842509195208549166e-01
1.612116388510912435e-01
4.900713888617852509e-01
2.985907075305779257e-01
6.253299112121264436e-01
1.563875595231850824e+00
1.017985007911920370e+00
4.942836853158142918e-01
4.581841888527075080e-01
1.659102750321229391e-01
9.097000931079188835e-01
4.444982192129828813e-01
3.973697910706202041e-01
4.281209029257297405e-01
9.277971948807439695e-02
3.837690018738309505e-01
4.080184252311785942e-01
1.569984441623091809e-01
2.304440122842788874e+00
1.226614444081981947e+00
4.120881479647424128e-01
1.720221366112430761e-01
1.263921262572208937e+00
9.417342737317084822e-01
8.241441732893388661e-01
6.262348864227533785e-01
1.303096417337655799e-01
1.701883129620303803e-01
4.941304508984710187e-01
1.608471630513668149e+00
1.110632902632156860e+00
4.835493298868338563e-01
1.150512440254290780e+00
1.134497578938802320e+00
8.085921280706922509e-01
6.095397656162580002e-01
5.231098080674807527e-01
3.575694193442662261e-01
1.603188724567492784e-01
5.076797446236013672e-02
5.182875355084737290e-01
8.933237599001989659e-01
2.564482409507036209e-01
9.770599876840909692e-01
1.989326268744965598e-01
4.020609257121880997e-01
3.269329176180892360e-01
2.192646299799283494e-01
2.129737969487905391e-01
1.182908281435568920e+00
2.631517044268548711e-01
2.593610200410088051e-01
1.380522770186265458e-01
1.155453665119906104e+00
8.296596785386403106e-01
3.810654496153196291e-01
4.383935267726580820e-01
3.232326182226339939e-01
2.212486426035563114e-01
