1.766821267803509787e+00
1.378620240688323895e+00
1.272785061995188371e+00
1.191532871127128690e+00
1.107205141286055294e+00
1.027208739866813048e+00
9.469343561927476838e-01
8.757111281156538807e-01
8.163679096351067477e-01
7.700877115502953174e-01
7.270124454051255514e-01
6.835055985301732306e-01
6.599472113636631887e-01
6.331219672396157794e-01
6.178679174619416958e-01
6.015066509088502489e-01
5.783704348312068699e-01
5.657015877574060880e-01
5.663841117018213467e-01
5.504305844940244885e-01
5.313466534204780434e-01
5.323772904230281711e-01
5.201135329079502601e-01
5.180496999962875826e-01
4.917171401794379060e-01
4.951635980078329391e-01
4.960806219497074787e-01
4.775635240211462129e-01
4.741385932165819161e-01
4.616135640256107120e-01
4.525078176458676715e-01
4.569919806012573416e-01
4.499276222148910209e-01
4.436198201895847348e-01
4.369346976637218938e-01
4.333162516130444342e-01
4.301536737568676383e-01
4.288714939992254171e-01
4.242103077936917876e-01
4.125152588115694741e-01
4.051868627360090125e-01
4.042240272959073399e-01
4.041440734011120806e-01
3.933617997070540939e-01
3.875354413292371181e-01
3.876473337877541780e-01
3.862009757081977801e-01
3.717801205712990553e-01
3.737291983701288567e-01
3.755673871724866109e-01
3.675202651275322197e-01
3.682659924166121757e-01
3.598334776784758993e-01
3.602763032804553456e-01
3.520369979708144470e-01
3.538281171029666328e-01
3.468340032966807929e-01
3.465733235465207618e-01
3.433172617433592477e-01
3.403484699906160760e-01
3.305096847057575338e-01
3.321791200172932168e-01
3.315956749623485966e-01
3.295455121097620732e-01
3.254997583834725594e-01
3.290763722344611786e-01
3.172942278867897370e-01
3.201460259074034864e-01
3.202090053233163092e-01
3.127938990100907479e-01
3.134682791144587366e-01
3.133309456473216681e-01
3.008566889471452344e-01
3.055721739966733019e-01
3.079574731050525038e-01
3.033854854557042069e-01
2.997972158016636857e-01
2.924667981647265380e-01
2.853148144440881273e-01
2.935224507213570200e-01
2.920179198162319856e-01
2.839731496999350346e-01
2.862072717008413703e-01
2.815133259030214719e-01
2.804074377069870616e-01
2.774937433790182761e-01
2.781083769276543882e-01
2.754928758629830443e-01
2.767108512004294307e-01
2.697340350594216729e-01
2.703461846921224598e-01
2.710680009855422901e-01
2.716826690554929313e-01
2.659666355686204353e-01
2.602329443201112369e-01
2.606429148962100539e-01
2.672394128271843861e-01
2.664366359147243291e-01
2.661560473703623586e-01
2.560560948917797175e-01
2.506396190441834149e-01
2.591798961473007479e-01
2.527523736060053317e-01
2.536888956282442598e-01
2.554004361398983791e-01
2.428667006428198438e-01
2.523932804272044361e-01
2.519977402027385738e-01
2.475226371937120917e-01
2.534631699123808257e-01
2.502631316215653823e-01
2.474935191431237858e-01
2.429892768031762240e-01
2.482497061234122948e-01
2.404568363600022574e-01
2.457136533327866079e-01
2.333118337152215171e-01
2.414414166527178995e-01
2.384126414942632777e-01
2.323964367657511687e-01
2.392263589950744118e-01
2.353361705341376897e-01
2.333469925500685771e-01
2.304862031480297280e-01
2.333209817728008617e-01
2.330696976086861771e-01
2.271433640960216493e-01
2.315975665114820281e-01
2.247966960006548831e-01
2.313453366735484518e-01
2.272180230327648931e-01
2.275729087780928306e-01
2.272998756057738046e-01
2.194176985814313419e-01
2.221681145106898236e-01
2.191510543747184347e-01
2.188647181565950839e-01
2.215465729776769921e-01
2.172716574821970670e-01
2.245841542058527041e-01
2.164920089171694650e-01
2.170338932874922855e-01
2.117012135960006369e-01
2.054967307634069651e-01
2.093853610081714556e-01
2.144864833287526140e-01
2.156565085310527263e-01
2.099769926582424340e-01
2.103013932115088136e-01
2.048222192532072605e-01
