1.978030386235979154e+00
1.702254050638940530e+00
1.522443450490633676e+00
1.434134520424736881e+00
1.358214420742458906e+00
1.311553363502025560e+00
1.246848291655381580e+00
1.202616864111688333e+00
1.149203250639968310e+00
1.107413414286242626e+00
1.065352530197964720e+00
1.023156076462732322e+00
9.909624848514795303e-01
9.594098736842473496e-01
9.293035467465720068e-01
8.940772603162461252e-01
8.942986483582191504e-01
8.720057126755516030e-01
8.362614235323337919e-01
8.272747401562001723e-01
8.046354216833908612e-01
7.833722437318000331e-01
7.674611699870891313e-01
7.522463798833389781e-01
7.451877623899942904e-01
7.337576261307630077e-01
7.164792073528385430e-01
7.006912249554362315e-01
6.854927461387382293e-01
6.791370845399795630e-01
6.750600359971737907e-01
6.547319318116124887e-01
6.488937722570780053e-01
6.465487101787907864e-01
6.425373760776387222e-01
6.200296294358041971e-01
6.196388524543079424e-01
6.116851571533414855e-01
6.061956449463549168e-01
5.935338731803414536e-01
5.938248782366927214e-01
5.784733864789207702e-01
5.832833657455113174e-01
5.728506838437170678e-01
5.656484296131465417e-01
5.543625496069175540e-01
5.551240749036271405e-01
5.575553487882846104e-01
5.421868928785746888e-01
5.594118127909799565e-01
5.323337277035331550e-01
5.244678033826253305e-01
5.368171616250443368e-01
5.225700851736796437e-01
5.184026708878163303e-01
5.230562068315016688e-01
5.150238820765582481e-01
5.202126764588885788e-01
5.050742393256061336e-01
5.019596214095751741e-01
5.024446331378487063e-01
5.001492505168749769e-01
4.995279703936022497e-01
4.913799909253915299e-01
4.941907351940042492e-01
4.826330123391623372e-01
4.933638680364108575e-01
4.736795870742450121e-01
4.856371060013770502e-01
4.727852518437430929e-01
4.751724148324380503e-01
4.756344086231870660e-01
4.691848007755147210e-01
4.692071780251959590e-01
4.660080689419475175e-01
4.559041898594134445e-01
4.599872337951739221e-01
4.543209962779656275e-01
4.534360266782136439e-01
4.535052878989113689e-01
4.460478520357152865e-01
4.462078673506362225e-01
4.373713145446446182e-01
4.568056065252878994e-01
4.377505815794897615e-01
4.453579908754262684e-01
4.354436334843436729e-01
4.341057929779506552e-01
4.345320829655975325e-01
4.310496875136676787e-01
4.219928934859732417e-01
4.365479309085963378e-01
4.259361200293318994e-01
4.392592766710246566e-01
4.206316188572802317e-01
4.296195666719641593e-01
4.334630065313023195e-01
4.190759230857818429e-01
4.263577467930089737e-01
4.184695659257057776e-01
4.130550266036556728e-01
4.188060484645473869e-01
4.150076541118324358e-01
4.181275412375624612e-01
4.191425493465633090e-01
4.137119783088564207e-01
4.097840555943548235e-01
4.177400789870363007e-01
4.036349218907869241e-01
3.990662105006372862e-01
4.039668805871365898e-01
3.975881110359397175e-01
3.943807192974620457e-01
4.115645722537819018e-01
3.901968163179440618e-01
4.051789611332222152e-01
3.936004262960826061e-01
4.019670864787056042e-01
4.003739037990776684e-01
3.883241505310353059e-01
3.927023709467094559e-01
3.889877889615794282e-01
3.838660012827150858e-01
3.947618116327147320e-01
3.831268439664402559e-01
3.902797600435507497e-01
3.877774057909846306e-01
3.853910295874812264e-01
3.792974008428346977e-01
3.862199977298991782e-01
3.757020132279851321e-01
3.829947497255892785e-01
3.675762959193282775e-01
3.754408023889280188e-01
3.791025516602934964e-01
3.679729007857127643e-01
3.765707464060850107e-01
3.747136148210200579e-01
3.735840690386895702e-01
3.604375557249618889e-01
3.587731150677427316e-01
3.687703681540571710e-01
3.638936879617782894e-01
3.609370048235481243e-01
3.697776829358190298e-01
3.683397920724624797e-01
3.645811833531802382e-01
3.566689945330532852e-01
3.490657632083942197e-01
3.671657807969799237e-01
