1.603782462437947531e+00
1.373602246761322032e+00
1.363066348314285303e+00
1.230288686990738123e+00
1.186843989054362059e+00
1.123771725654602038e+00
1.057425756851832155e+00
1.013416819175084527e+00
8.230172849496206755e-01
8.430988692442575871e-01
8.828729805548984899e-01
9.124019740223884289e-01
8.235264548559984021e-01
8.764273486634095445e-01
7.174134651422501285e-01
7.109761663873990223e-01
6.383218502253293902e-01
6.270198334828018805e-01
6.531683000624179947e-01
6.348935186366240213e-01
5.432875061829884888e-01
5.802722518543402819e-01
6.030979507702092235e-01
6.048673422361413587e-01
5.245341159018377386e-01
5.495973487347364239e-01
5.566722445338964098e-01
5.441625923439861179e-01
5.482077261572704252e-01
4.713433432687694769e-01
5.320103142211836111e-01
5.060798674498995231e-01
4.575889055089404356e-01
4.819815533397099339e-01
3.881434855399031880e-01
5.488757027381410136e-01
4.987927321754395682e-01
4.355823209844529309e-01
4.930961776833671095e-01
4.127425843011588436e-01
3.715831623145688933e-01
4.603048457284457662e-01
4.031437019538134381e-01
4.435236786585301516e-01
3.822146914039428189e-01
3.992056427051624001e-01
4.595142286891737982e-01
3.795423142931735327e-01
4.847208543550222681e-01
4.414773629431923974e-01
3.635833767748748446e-01
4.261958047125178339e-01
4.056770322822654817e-01
3.699221408045850756e-01
5.526290130590398864e-01
4.436796672468384384e-01
4.725038360627367706e-01
3.446593620281976911e-01
4.540210511274634930e-01
3.983949325059851221e-01
3.907558486236569761e-01
3.859418235523626728e-01
3.470561262257397250e-01
3.650435887471151775e-01
5.184242390336779582e-01
3.718269157173733075e-01
4.205963440661628638e-01
4.017080421832700532e-01
4.182249221851428445e-01
3.551759550757705997e-01
3.027768876651922847e-01
3.505092527484521270e-01
3.280782148133342124e-01
3.124383321425411308e-01
3.854151596091687781e-01
3.943618889236822911e-01
3.022617851737886552e-01
3.317911287946627152e-01
2.777636616565287153e-01
3.257475331441189725e-01
2.936829032075281565e-01
3.034136937400325751e-01
2.574842223258068108e-01
3.092968719356382623e-01
3.516118302773684756e-01
3.245857099061831841e-01
4.451567249173919438e-01
2.965074924079623697e-01
3.090761765092611135e-01
3.303983505715926694e-01
3.616183133907616143e-01
2.940650525285551931e-01
3.507674219265269899e-01
3.171302565686637265e-01
3.015739858970045706e-01
3.674471928713222146e-01
2.793411210539439860e-01
2.963043518432726953e-01
3.906147446365405562e-01
2.795260394265254300e-01
2.883496785516229677e-01
3.337570473331337717e-01
3.095528487007443985e-01
3.518418878844628561e-01
2.801268923246146292e-01
3.203923464454710990e-01
2.102424301498297954e-01
3.502800408665401877e-01
2.807618424457808404e-01
3.273754180061320684e-01
2.999164645235675164e-01
2.690151641871780241e-01
3.387420372416575787e-01
3.158391798355927316e-01
2.955392864244058559e-01
2.206792696715953461e-01
2.897439243636715234e-01
2.745494298484797424e-01
3.023428982586289782e-01
2.929222932476550634e-01
2.540607130760326737e-01
2.686185893108292144e-01
2.897615478028698899e-01
3.074694482294532127e-01
2.476651679668575579e-01
2.705024836836383284e-01
2.566146128348384958e-01
3.513716718660046534e-01
2.812629846601436556e-01
2.376596500431187309e-01
2.867453621706614886e-01
3.121405049896178729e-01
2.647732709801445816e-01
2.542885908372700121e-01
2.535846533098568001e-01
2.791493824285765646e-01
2.446627896437421623e-01
2.489807365842474363e-01
2.655538102488499419e-01
1.776756109028743980e-01
2.387134812765677183e-01
3.377203659559988025e-01
2.087372881841535466e-01
2.999713411579529310e-01
1.988353411418695982e-01
2.605942286876961611e-01
2.148125333383990032e-01
2.828812914866333239e-01
2.861368120174544449e-01
2.602598598135325014e-01
