1.599325766828324946e+00
1.528537169562445897e+00
1.484382002618577889e+00
1.701399632957246499e+00
1.423918710350990269e+00
1.483943849537107784e+00
1.231425695684221111e+00
1.273301787376403649e+00
1.281690103527572511e+00
1.200724728206793213e+00
9.438311052487955433e-01
1.036549375289016250e+00
9.943302803238232013e-01
7.673299665583505069e-01
8.490511899151735875e-01
1.015979459749327685e+00
1.107577568557527314e+00
8.930510240772532304e-01
9.847594645288255677e-01
8.499064522319368375e-01
6.511908054631202480e-01
8.420243643834772751e-01
8.190175038576125166e-01
1.030174140234788371e+00
8.639575591517820730e-01
7.812790132231182127e-01
8.405812115305000276e-01
8.923198705414933096e-01
5.500875124769906144e-01
6.005155299024449445e-01
1.012567754387855512e+00
5.626927026402619436e-01
6.745737231584886251e-01
6.351636984571814581e-01
8.347215704930326385e-01
9.031383997201920533e-01
5.790003489485631150e-01
1.006519625344210134e+00
6.832080094681846072e-01
5.508150283578370221e-01
5.277179544046521897e-01
7.275495706995328549e-01
5.500489015380540803e-01
7.894624987906879721e-01
6.573491584985620140e-01
5.281051560325754624e-01
9.322321603861120076e-01
7.450786554647816917e-01
4.842348851677444332e-01
8.531030139823754244e-01
4.099311304671896528e-01
8.309870929979823462e-01
6.891421655575847849e-01
6.120332106616761525e-01
7.865159388466014256e-01
6.663595983179078086e-01
6.036389805914627038e-01
6.314205729547474055e-01
4.776677857918872339e-01
6.358413596409889790e-01
4.808554670939014786e-01
3.110312678354482108e-01
7.280840410250757344e-01
5.513691360141255160e-01
5.773160052330543746e-01
7.979282887787040313e-01
6.816568461557228620e-01
6.063908378779887531e-01
3.552563470767604037e-01
5.686785738832420556e-01
4.827570864547872098e-01
5.963970907798243903e-01
4.839108297001156744e-01
5.546290326754872435e-01
3.476368701354496937e-01
3.520497218529797800e-01
3.937560373689565352e-01
8.210748624470497470e-01
3.836048923122386545e-01
5.398352477078637301e-01
3.849795555069835395e-01
3.777553134991063488e-01
6.382428985047672310e-01
7.336748959393136760e-01
4.649722568587296712e-01
3.995132954040956363e-01
6.280471538710925561e-01
6.661490193537125126e-01
3.678228078732111994e-01
5.473667270260759166e-01
4.814115954169796430e-01
4.422605734929028753e-01
3.717995319124828280e-01
8.124275854912899053e-01
6.299226504274539895e-01
4.279358636360202084e-01
5.276408426981004096e-01
4.790127438762120660e-01
5.209126082455945994e-01
2.763130817277770768e-01
4.102270276107204405e-01
4.855280858236882824e-01
2.362610483635216863e-01
3.171380118834268291e-01
6.647622716323369207e-01
5.614574738467733583e-01
3.406780432954353288e-01
2.091907818183406376e-01
5.306483434658083587e-01
3.627773959671483639e-01
4.383336778683588619e-01
3.088874832882235744e-01
7.794918130048446026e-01
3.847192277800705607e-01
5.012989110685884819e-01
3.842005525371577357e-01
4.451405206074318111e-01
3.516767205711868183e-01
3.341212762195048258e-01
6.641915803081872571e-01
4.878648923006322358e-01
6.198117749486119488e-01
5.769670720972741584e-01
2.622231830392653951e-01
3.413859542883518339e-01
3.923509198716944590e-01
4.802141693317227289e-01
8.307924691090979863e-01
2.688091690230390296e-01
5.265864668786526259e-01
2.714754454294840413e-01
5.629656868076159393e-01
4.016602642058084705e-01
3.474094534396297562e-01
5.164937325825708081e-01
4.226475988367261460e-01
4.519551232643425065e-01
4.057356778045909107e-01
4.796912414726749452e-01
7.153661732934415429e-01
5.694590613145071867e-01
3.647371213205365392e-01
4.474347257598613181e-01
3.555546279608582383e-01
4.055154070578929071e-01
4.080508534703404244e-01
3.059952908816437334e-01
5.696681552297538920e-01
3.401948156492370368e-01
2.539255419787433410e-01
