1.658423653708564149e+00
1.503930514322386891e+00
1.460036877658632104e+00
1.371540207054879890e+00
1.471988316509458716e+00
1.665645876089731914e+00
1.355973177022403942e+00
1.204068413906627111e+00
1.485443131170339104e+00
1.051847232141428723e+00
1.101204419334729456e+00
1.205315956340895722e+00
1.043894936442375299e+00
1.199225318001376106e+00
1.091223813613255711e+00
1.403466385447730724e+00
1.266032618797487741e+00
1.106150873601436491e+00
1.257538498673174132e+00
9.021062464846505424e-01
8.487765335043271353e-01
1.452540244725015528e+00
8.921764513063761282e-01
8.791068597531154216e-01
1.025187361988549206e+00
9.411603683564397915e-01
8.913842092702786157e-01
5.804643059966878571e-01
1.122469050416516012e+00
1.027171989556195042e+00
8.108944572342767776e-01
8.123476210443509871e-01
5.971170056404340176e-01
7.507505837186343456e-01
7.146211687133957602e-01
8.814906656845578059e-01
6.829086749007304835e-01
7.603278178556097666e-01
8.689642741199996578e-01
6.816419080975982814e-01
7.330254778265953286e-01
6.086435761592454696e-01
8.641962768944602136e-01
6.903733760418575560e-01
4.664140613526105983e-01
7.029043154268421745e-01
8.387650807595086189e-01
6.400436445884405412e-01
6.573121890586077765e-01
9.568280429475837234e-01
7.701718471778764563e-01
6.552405311705337132e-01
9.423499363660813311e-01
8.255911206553381287e-01
6.464223719936691426e-01
9.292600067642826644e-01
4.847948620385594265e-01
6.395039755488849398e-01
7.666228131789507572e-01
6.405692420320378000e-01
6.803048514667898727e-01
9.379785596200962416e-01
8.620302332772148413e-01
9.676314170348145893e-01
6.526720671188862566e-01
6.226256575399182758e-01
5.816082945205270915e-01
5.211839212109852237e-01
6.744733246436549479e-01
6.449323490779432788e-01
5.096323873516586112e-01
6.337730177429815592e-01
4.624057818038595502e-01
6.619786344385809596e-01
5.451440361395685219e-01
7.051507012213631409e-01
7.632793281972409805e-01
7.093960501543350450e-01
5.615631686316596705e-01
5.038016358473235146e-01
6.331456332570976064e-01
5.429522790201007920e-01
6.192490358319547861e-01
5.780223911586734875e-01
5.046070440229959431e-01
5.635535040663348649e-01
5.642460988379187636e-01
4.407510880049732016e-01
5.499912259932089320e-01
6.321474548988044173e-01
5.642203050924258223e-01
3.494994855703165149e-01
6.123862176331588136e-01
6.286787999762843970e-01
6.575447327945019849e-01
5.244297193073563790e-01
3.753816503054824283e-01
3.982302273975478202e-01
7.428946686080761808e-01
4.757526227252351636e-01
6.493069054450217870e-01
3.757211533157775452e-01
4.251836865690227230e-01
4.416870661514501473e-01
3.981650471376876332e-01
5.321774199149674756e-01
4.162217421748533042e-01
4.366311615570966365e-01
4.837989368413884717e-01
4.742692397565891338e-01
4.492288919926310520e-01
4.104665582253234635e-01
5.343546445895400732e-01
4.047083485550764803e-01
5.053617933175217347e-01
4.931702440815667332e-01
4.665625622496009095e-01
3.265487019429242355e-01
4.640616526888269311e-01
4.328729587048291694e-01
3.042897263931162444e-01
3.729479090343617576e-01
4.274515008450382458e-01
3.432004116423842399e-01
5.549307415735287297e-01
4.843171710774510363e-01
3.108133029823915705e-01
3.511769238693846495e-01
4.541028187692993656e-01
3.578189532246647264e-01
3.154988917848094987e-01
3.744099560874100119e-01
4.561258195158249262e-01
3.435126858784093296e-01
5.065491442382334952e-01
4.819503589719533743e-01
4.266054619094615807e-01
5.134484584619187775e-01
4.992352378326985196e-01
4.675999859208240794e-01
4.805229017687961957e-01
3.768937197467312483e-01
3.264173099701292990e-01
3.160126792497208181e-01
6.485689795719615791e-01
5.441731104984258716e-01
2.663489770671650936e-01
4.796805152276323869e-01
3.310398123247756397e-01
2.290996547793555105e-01
