1.634979217922876815e+00
1.343960546084812524e+00
1.298348768116935670e+00
1.115321692578376211e+00
1.071484461161825497e+00
1.002105008392106811e+00
9.274413130964550556e-01
9.498624343247641377e-01
8.005817031789392857e-01
7.547115146711704803e-01
8.282804849199830732e-01
7.221926494841537369e-01
7.074662545583549900e-01
7.332994296579133930e-01
5.858641627844836108e-01
6.278304881061471665e-01
6.266093504051899465e-01
5.822983978106270886e-01
5.519286852185096848e-01
5.154028259013735402e-01
4.982801446012620761e-01
5.214574138252507929e-01
5.347226165965317524e-01
5.611129160345132982e-01
5.308994775443589553e-01
4.751509044717051045e-01
5.138560549758877105e-01
4.970968411880589133e-01
4.782541614123398399e-01
4.728839243825762040e-01
4.578334360129554526e-01
4.937546860322444831e-01
4.987422982495026136e-01
5.190833872596600784e-01
5.156495688744036077e-01
5.819435115602045183e-01
4.478262844118511277e-01
4.234682930025108760e-01
4.349053934707291513e-01
4.201550482560156285e-01
4.246419394285315119e-01
4.354809424571605136e-01
3.935547537916147531e-01
3.880341686252948286e-01
3.785198700932845273e-01
4.893202148184239708e-01
4.389406903860867959e-01
3.619230517286747828e-01
3.408774723179845423e-01
4.298951375829647148e-01
3.755706197044826888e-01
3.355634398555886189e-01
4.102308060673420798e-01
4.161897041257618390e-01
4.047291967395456602e-01
3.765672332944999257e-01
3.893704952104460326e-01
3.909581947678492653e-01
4.023592036585544873e-01
4.019087602535174608e-01
3.949915139813952036e-01
3.599582163756344100e-01
3.324508473946018450e-01
3.252511572484518831e-01
3.937356833609501061e-01
3.236452883516719448e-01
4.118703947429885881e-01
3.414438370970033221e-01
3.691493906435512895e-01
3.556993271508032128e-01
3.271595537326195680e-01
3.601387205073935394e-01
3.220552667961012472e-01
3.775324716977774275e-01
3.308556125906206846e-01
3.414418034358245313e-01
4.070398964591708801e-01
4.209062548426704131e-01
3.108466936083924548e-01
2.857060742199731829e-01
3.222546612892654427e-01
3.859458594495756012e-01
2.759149772832022451e-01
3.904098067757126866e-01
3.121215353230945011e-01
2.871962584513386707e-01
2.871604233249580584e-01
2.765023552451748579e-01
3.406242503395067733e-01
3.137860485487838913e-01
3.126457712312953885e-01
2.918244314673431039e-01
3.700470241821474104e-01
3.014408671443113974e-01
2.953985162132553022e-01
2.727511940392414180e-01
2.827466401227173298e-01
3.098145419320771365e-01
2.686069248721654201e-01
3.081147452060960523e-01
2.640866048353915918e-01
2.633465831205137886e-01
2.574281898435456517e-01
3.218629170760571312e-01
2.500038923497592824e-01
2.369268917700549371e-01
3.074754433735599202e-01
2.796590792966289762e-01
2.506388760387661119e-01
2.426068336435312778e-01
3.425090502110856860e-01
2.310772755104930076e-01
2.717591112603374159e-01
2.619413193241723059e-01
3.520784190469532504e-01
2.774563347227457233e-01
3.121924796892932008e-01
3.016895698498757161e-01
2.609454831873835312e-01
2.884911104489860656e-01
2.386532774697323889e-01
2.182237912798744295e-01
2.422815879289105523e-01
3.070551541503075410e-01
2.286226068643320841e-01
2.074028166659205863e-01
2.679853017750151722e-01
2.487411834338369709e-01
2.612559642002729166e-01
2.300519491088325041e-01
2.426898291817171371e-01
2.550519127715452639e-01
2.036786014205288209e-01
2.235398463222996457e-01
2.422576845119917832e-01
2.131837457191154694e-01
2.338793248778563982e-01
2.335424631536893725e-01
2.423216323216726698e-01
2.506506941436479341e-01
2.087469995617571017e-01
2.110768892605685010e-01
2.250593044678126375e-01
2.642871669504702759e-01
2.073150756876243062e-01
2.472011005559692498e-01
1.901788381311306786e-01
2.647330498268609666e-01
1.937894594685048710e-01
2.020244623091356218e-01
