1.775751304626464799e+00
2.017297618389129354e+00
1.792948433558146260e+00
2.186561102352571062e+00
1.937849289576212275e+00
1.963457741737365536e+00
1.820127647717793895e+00
2.016553864479065261e+00
2.325612344741821325e+00
1.783739279111226539e+00
1.643602381944656354e+00
1.304830459753672400e+00
1.407415385246276740e+00
1.307583357890446774e+00
3.097702122529347513e+00
2.013935614426930698e+00
1.814507007598876953e+00
9.381451978286108329e-01
1.990311315357685018e+00
2.173675491015116368e+00
1.284616616566975900e+00
1.959847376147906051e+00
1.345359660138686353e+00
1.541348338921864736e+00
1.612598731915156236e+00
1.534630580345789586e+00
1.711613205273945892e+00
1.807001845687627561e+00
1.231923762957254809e+00
1.501308896541595495e+00
1.386847203231106107e+00
1.234842277367909968e+00
1.283299650152524674e+00
1.437265273133913723e+00
8.346285186211268581e-01
1.284043750067552114e+00
2.583333031733830776e+00
1.421614435116449915e+00
1.281077134211858093e+00
7.138063092033067880e-01
2.141849887768427330e+00
1.007067179282506331e+00
2.046500813563664867e+00
1.385581116576989569e+00
1.494468286236127152e+00
2.123942878227680797e+00
1.932023782332738193e+00
1.070209239522615929e+00
1.290428793734560431e+00
1.147538006504376540e+00
8.207393395900725031e-01
8.956711791455745919e-01
2.050591594775517557e+00
9.449058302243550367e-01
1.212914606730143063e+00
1.469441283146540655e+00
5.515796273946762529e-01
4.084116779578228495e-01
1.860644081274124728e+00
1.559520838260650688e+00
1.517725989818573096e+00
6.917230234543483292e-01
1.697629134704669251e+00
8.968016839524111106e-01
2.183611055215199492e+00
1.177556879520416100e+00
1.084310257037480740e+00
2.058991563121478130e+00
1.573860762914021771e+00
1.444385149081548025e+00
9.960410302877427124e-01
1.323913618139922699e+00
7.495221394797166869e-01
5.579899772008261039e-01
1.429834131797154573e+00
9.537643171350161930e-01
1.136258985226353158e+00
8.305832980573176760e-01
7.720272284746169111e-01
1.516758248396218089e+00
9.115641455391111370e-01
5.965345917568386502e-01
1.289041386147340207e+00
1.429565547456344010e+00
1.128820947905381455e+00
1.923885859648386543e+00
1.653522141774495413e+00
6.099263549844424759e-01
1.729479238589604506e+00
1.028398582587639387e+00
6.735142778853575596e-01
1.787489269574483286e+00
9.714544691642125196e-01
6.985825533171495794e-01
9.695633894950151932e-01
4.623464462161063215e-01
1.089580871462822120e+00
1.036786638398965454e+00
1.437557472909490430e+00
1.103811885317166785e+00
1.119386329650878809e+00
1.074412993987401421e+00
7.139597953359285709e-01
1.695410172541936378e+00
1.947498900381227971e+00
6.268790150682131967e-01
1.753569714426994608e+00
9.015536040067673174e-01
7.161991611557703141e-01
1.663060964445272960e+00
6.539742648601530872e-01
1.285473365982373606e+00
5.512339900185664332e-01
1.261715442289908840e+00
7.547922289371491456e-01
9.692168884476025648e-01
2.057513866523901669e+00
1.284759056170781566e+00
4.208823454628388139e-01
8.023591089124479936e-01
7.347151765724022621e-01
8.878582919513184901e-01
1.026634011417627113e+00
6.407576338325937648e-01
2.197196533779302907e+00
1.452085585226304598e+00
1.427917306423187371e+00
7.532609189053377508e-01
9.336355165640511933e-01
9.126045587907235523e-01
5.945127096896369867e-01
1.596186923074225383e+00
1.101645055413246199e+00
9.488766720642646257e-01
5.397985515743494167e-01
1.386886187506218615e+00
9.192876386145749645e-01
1.258488435745239276e+00
1.021747580170631498e+00
8.788546003897984571e-01
1.062053923507531250e+00
1.021767482956250639e+00
4.289200441042582135e-01
8.402637720108032671e-01
3.781158436834812231e-01
1.091118002409736221e+00
1.127415601809819590e+00
7.468080537083248149e-01
1.158382948727036510e+00
1.330373986562092936e+00
