1.758717629682450267e+00
1.392999877248491725e+00
1.324778680120195506e+00
1.182564524298622466e+00
1.177436952335493947e+00
1.044476787902060000e+00
1.055827883077519402e+00
8.857758099976040800e-01
8.220001271721862901e-01
8.277069701999426599e-01
6.837078860827854321e-01
7.301565734598608470e-01
7.015297286673669586e-01
6.817494349873491899e-01
6.128995067289189080e-01
5.895489361598378331e-01
6.207353230929444354e-01
4.983052947318979409e-01
5.581328846913362618e-01
5.401470663114672499e-01
5.779877355912079739e-01
5.485385223447034608e-01
5.739933644687490455e-01
4.850647847168147453e-01
5.534778028052478316e-01
4.775687893067619427e-01
5.171040431241549218e-01
4.578976201685145964e-01
4.500376490042324318e-01
4.849702058049539799e-01
4.884309173415281036e-01
5.284194652093130440e-01
5.127028730269965751e-01
4.403480547910466614e-01
4.336835997715769997e-01
4.680906978351552228e-01
4.632599403709173336e-01
4.702889967164290974e-01
4.915211378921577889e-01
5.071874989959456181e-01
4.213322225709756341e-01
4.587128785261440633e-01
3.983145646813014973e-01
4.462960796111395956e-01
4.336277474897602957e-01
4.136924298994598681e-01
4.504518634333674609e-01
3.736972723453350076e-01
4.181072400071259021e-01
4.061804911982090927e-01
4.066523307415523258e-01
3.678045024501070959e-01
3.683928553241172521e-01
4.116956235858656443e-01
4.343558383023455316e-01
3.601543675389672350e-01
3.942848163193446998e-01
3.614612125545473842e-01
3.878190413141800463e-01
3.576533865298898163e-01
3.572776557336605485e-01
4.182094436285219707e-01
3.470465937287857128e-01
3.566949720086441400e-01
4.090579138294837547e-01
3.397548680300158663e-01
2.872984908962444850e-01
2.762678339489780255e-01
3.971500625654257322e-01
3.433780204205374997e-01
4.030549209001695887e-01
3.290294301851341974e-01
3.153103470505170813e-01
3.515238398845706991e-01
3.722957301809496911e-01
3.136981824874168767e-01
3.049171893702198877e-01
3.297467536907199293e-01
3.552419720266368763e-01
3.238152936358182354e-01
2.786486270209951877e-01
2.757752441643692709e-01
3.082888507142308443e-01
3.254210547022965416e-01
3.196479284767770879e-01
2.973130244269435174e-01
2.904543001415385572e-01
3.221759418143136378e-01
3.533088922426326772e-01
2.970364419872030259e-01
3.361507939627128017e-01
2.771711630305452312e-01
2.690467845393522128e-01
2.828071359219029857e-01
2.811924144628989986e-01
3.038901549755107512e-01
3.039855915800269148e-01
2.815323446948258534e-01
2.261098074287707926e-01
2.683432706529718104e-01
3.280841877681779373e-01
2.678892298246778325e-01
2.848014707792373423e-01
3.741966300457716388e-01
2.546698396358017535e-01
2.928548995183691828e-01
2.613433509475241445e-01
2.701163115933359893e-01
2.386334871817823444e-01
3.120672264564338660e-01
2.599355946464597666e-01
2.533493535945724462e-01
2.786550880043899836e-01
3.013878451128090830e-01
2.894196422222913290e-01
2.193015394574918397e-01
2.527148285962729779e-01
3.018613889996361044e-01
2.078042736390073864e-01
2.666291853308766502e-01
2.810717308905995582e-01
2.787739790661171169e-01
2.010296139388256242e-01
2.285278852736311317e-01
2.450713375319970577e-01
2.971927195430422719e-01
2.198046473624362118e-01
2.272812803759284017e-01
2.819762990630364508e-01
2.239681240235499859e-01
2.632598011104744784e-01
2.268657964308346542e-01
2.169302322090758683e-01
2.561114720723569049e-01
2.169591150122384404e-01
2.324540662359989851e-01
2.014226814728629633e-01
2.308943265794022870e-01
2.491249712567687458e-01
1.992212893661954032e-01
2.397516294596495068e-01
2.465884021868086917e-01
2.050862934775206925e-01
2.383149912538716497e-01
2.582821538272712658e-01
2.232177523332869451e-01
2.516156937994639131e-01
2.356319525871159448e-01
2.243832054744208659e-01
2.269138560298320506e-01
