2.292015978495279604e+00
2.292325151761372748e+00
2.292410279909769422e+00
2.292277967135111449e+00
2.292205457687378267e+00
2.292164168357849086e+00
2.292382936477660671e+00
2.292233090400695339e+00
2.292318593660990445e+00
2.292158902486165495e+00
2.292334783871968096e+00
2.292345770200094002e+00
2.292371408144632916e+00
2.292290498415629152e+00
2.292210156122842957e+00
2.292264113426208727e+00
2.292220988273620641e+00
2.292347648938496629e+00
2.292154644330342883e+00
2.292238082885742045e+00
2.292306288083394428e+00
2.292281483014424914e+00
2.292295935948689412e+00
2.292509867350260855e+00
2.292260109583536654e+00
2.292370030085245425e+00
2.292219498952229539e+00
2.292231249809264959e+00
2.292278037071227903e+00
2.292275179227192705e+00
2.292349570592244756e+00
2.292339178721110038e+00
2.292250337600707955e+00
2.292080731391906934e+00
2.292247254053751515e+00
2.292215662002563992e+00
2.292148315111796286e+00
2.292071820894876932e+00
2.292274767557780368e+00
2.292288602193196745e+00
2.292282423973083461e+00
2.291996486981709769e+00
2.292265445391337142e+00
2.292383241653442205e+00
2.292460929552714077e+00
2.292304158210754395e+00
2.292391266822814799e+00
2.292257366180419975e+00
2.292345120112101675e+00
2.292215404510497656e+00
2.292374483744303415e+00
2.292203524907430179e+00
2.292365115483601556e+00
2.292202741305032987e+00
2.292293249766031771e+00
2.292172993024190308e+00
2.292272030512491732e+00
2.292387445767720688e+00
2.292198551495869818e+00
2.292338328361511302e+00
2.292260195414224988e+00
2.292298159599304164e+00
2.292421029408772792e+00
2.292346588770548532e+00
2.292491167386372819e+00
2.292343581517537476e+00
2.292402432759602871e+00
2.292163081169128702e+00
2.292398482958475370e+00
2.292345784505208428e+00
2.292298690478006939e+00
2.292264262835185029e+00
2.292220462163289341e+00
2.292139689127604463e+00
2.292245995203654463e+00
2.292107297579447422e+00
2.292232731183369676e+00
2.292156408627827879e+00
2.292312862078348612e+00
2.292232340176900252e+00
2.292346522013346544e+00
2.292315648396809902e+00
2.292092170715331889e+00
2.292214860916137908e+00
2.292284250259399414e+00
2.292287767728169889e+00
2.292267276446024571e+00
2.292293006579081194e+00
2.292098398208617827e+00
2.292436413764954217e+00
2.292223030726115329e+00
2.292414310773214225e+00
2.292222444216410970e+00
2.292222515741983990e+00
2.292183194160461124e+00
2.292269972165425607e+00
2.292305455207825027e+00
2.292237958908081019e+00
2.292248988151550204e+00
2.292187697092691767e+00
2.292236452102661026e+00
2.292050228118896804e+00
2.292370123863220144e+00
2.292207201321919907e+00
2.292297876675923440e+00
2.292296411196390604e+00
2.292129170099894253e+00
2.292270525296528749e+00
2.292092536290486926e+00
2.292058690388997455e+00
2.292154664993286239e+00
2.292267282803853057e+00
2.292313327789306410e+00
2.292317330042521029e+00
2.292363524436950684e+00
2.292131169637044330e+00
2.292117344538370904e+00
2.292412414550781374e+00
2.292257111867268993e+00
2.292267704010009677e+00
2.292291089693704986e+00
2.292352264722188782e+00
2.292447921435038172e+00
2.292293093999226539e+00
2.292298351923624633e+00
2.292283042271932025e+00
2.292416036923726530e+00
2.292205236752828057e+00
2.292223981221516826e+00
2.292231688499450470e+00
2.292095033327738562e+00
2.292158436775207697e+00
2.292163481712341522e+00
2.292282148996988678e+00
2.292147323290507188e+00
2.292346154848734496e+00
2.292140641212463414e+00
2.292317059834798165e+00
2.292148599624633132e+00
2.292162785530090563e+00
2.292202178637186449e+00
2.292303702036539548e+00
2.292323762575785739e+00
2.292164553006489580e+00
2.292271095911661671e+00
2.292427066167195271e+00
2.292527675628662109e+00
2.292414717674255087e+00
2.292109948794046836e+00
2.292483442624409840e+00
