1.635623680750529108e+00
1.742826040056016934e+00
1.515260766545931670e+00
1.612216970920562931e+00
1.734894735548231370e+00
1.504910304148991740e+00
1.375522975623607591e+00
1.677225894530613770e+00
1.685744212468465175e+00
1.537661298414071620e+00
1.317605682313442328e+00
1.138515431769192121e+00
1.447484053075313470e+00
1.228366982899605997e+00
1.466097580169637871e+00
1.099604400694370154e+00
1.315690497226185141e+00
7.679249340792496659e-01
9.785038708150388675e-01
1.163965937991936928e+00
9.292039192716279317e-01
8.894868335014001204e-01
1.057311331809808630e+00
1.000490723736584098e+00
8.572634673118590953e-01
5.655830181141694446e-01
1.810870523850123037e+00
5.650740802205269642e-01
1.138140452976028172e+00
1.084642483128441803e+00
7.987610700291892796e-01
8.507030553797572114e-01
1.085543709745009577e+00
6.296173456792409917e-01
9.169287711381912676e-01
1.146055134104357665e+00
1.123797626222173385e+00
4.846463522315024863e-01
1.075451610783735967e+00
8.265721637424494617e-01
1.239965823988119942e+00
6.921639451632898288e-01
4.380610882127398686e-01
1.151640951198836138e+00
7.644513295839230338e-01
4.822803659913026952e-01
1.023636918738484614e+00
7.591511065823335347e-01
8.634679637352625781e-01
6.597559540222088792e-01
4.714255312954386268e-01
1.107797635470827435e+00
1.374776397409538387e+00
7.670584850509960528e-01
8.946576260992635810e-01
7.589149110267559006e-01
4.885057488911682677e-01
7.156543474396069859e-01
5.191020241959227732e-01
4.358698336635198345e-01
8.788527833173672699e-01
5.788648501121336221e-01
5.954281033078829832e-01
1.199858318567275983e+00
5.112224828037950086e-01
1.090673628399769335e+00
6.047212064887086402e-01
7.640327897204163277e-01
7.381577316174905423e-01
6.973646497353910290e-01
1.056178549813727496e+00
4.732529167784377822e-01
3.794844562599125615e-01
9.733012849290391122e-01
7.413183836266399318e-01
8.498620616085181823e-01
7.158019443673806492e-01
6.021254301754136451e-01
6.325157448214789868e-01
6.151049347920344301e-01
4.743666545053323302e-01
6.711941477656364619e-01
4.525915747632582864e-01
5.811546577016513115e-01
7.707609262441595943e-01
1.165002252544897088e+00
1.049731817686309521e+00
1.060069973083833883e+00
5.991497611394152045e-01
8.841452375475394865e-01
6.653669874908194615e-01
5.653805088942560619e-01
9.701106925391489444e-01
5.631378197980424494e-01
5.433128692313200503e-01
1.418581880132357309e+00
8.174120123560231210e-01
1.274919700003746215e+00
3.741120625628779339e-01
6.575617154650130747e-01
3.746807932100879590e-01
5.762540757407744740e-01
1.038710440589736050e+00
3.247160353247696696e-01
7.808351990208030058e-01
5.589319647864128271e-01
8.542365639967222091e-01
1.181770083330985432e+00
7.101884245706929777e-01
5.196157353247204957e-01
7.651421464115587545e-01
3.215029567712917591e-01
9.379979909840040486e-01
1.571323482270041927e+00
5.212144040518130739e-01
8.994093607988261629e-01
1.017220742298911018e+00
1.063157595672334255e+00
4.340471338853240657e-01
8.746910334036996915e-01
4.421759075360993663e-01
9.701440571357189402e-01
7.868807238961259554e-01
8.192909694463015313e-01
4.921682699086765700e-01
8.467242310460036947e-01
4.864764200368275060e-01
4.145508684776723629e-01
7.310999854444526491e-01
9.911976634703263400e-01
5.606884121770661089e-01
7.857132056728006742e-01
8.646683647638806480e-01
2.089834037295076885e-01
4.719764724785151522e-01
4.041717387487491209e-01
8.072736848331988346e-01
6.665357466207610937e-01
3.247251234799235498e-01
4.449258384178392811e-01
4.140386414341628019e-01
9.680515106049523144e-01
5.161258915252984192e-01
8.080133207016236829e-01
5.479422787918399873e-01
5.451568102418484774e-01
4.406234702395482872e-01
5.120017963089048552e-01
3.988460685138124906e-01
6.847576316321889456e-01
