1.583138802051544225e+00
2.143218038082122412e+00
2.287871172428130873e+00
2.633375275929769277e+00
1.821182807286580552e+00
2.072773919105530105e+00
2.161734538873036460e+00
2.821790145238241010e+00
1.769270069599151451e+00
2.129139287471771169e+00
1.960706245104471890e+00
1.769797727266947618e+00
2.337089392344156913e+00
1.882334370613098162e+00
1.773461087544758952e+00
2.129243343671162858e+00
2.473442654609679714e+00
1.701831627686818837e+00
2.251527197360992272e+00
1.176881962517897229e+00
2.442407425642013408e+00
1.894901853402455760e+00
1.987592345078786238e+00
1.829811412493387524e+00
1.504030994574228952e+00
1.553771599133809467e+00
1.196616084973017413e+00
3.036886561711629184e+00
1.307391153573989717e+00
2.187386484146118359e+00
2.028009386857350549e+00
1.406163511574268332e+00
3.250916663805643481e+00
1.860457963943481730e+00
1.412111683686574137e+00
1.564409467379252128e+00
1.601495947043100943e+00
1.601062960426012705e+00
2.080765202045440354e+00
1.651661728223164927e+00
1.384660015900929908e+00
1.854819899797439664e+00
1.604171824057896600e+00
1.840127689043681070e+00
1.268406073252360100e+00
1.920807564655940158e+00
1.377035923798878958e+00
1.828235765894253628e+00
1.224531696637471523e+00
1.535405623515446738e+00
1.319827798604964908e+00
1.798624689579009894e+00
9.021404482920966084e-01
2.020059816042581780e+00
1.865951589743296113e+00
1.302823366721471254e+00
1.405013382037480607e+00
1.949429153601328624e+00
1.709977223674456370e+00
1.220044892628987743e+00
1.638319873412450223e+00
1.123439026673634711e+00
2.096173560619353893e+00
1.277092831134796214e+00
1.488074900976692927e+00
1.651264650821685720e+00
1.793716782728831394e+00
1.281758480866750149e+00
1.321234255631764665e+00
1.868026647965113529e+00
1.190271301865577724e+00
1.350735426743825407e+00
5.948260233302911093e-01
1.659806213974952982e+00
7.897947271664937929e-01
8.417359604438147125e-01
6.218332710862158885e-01
1.423207557648420218e+00
7.633291491741935886e-01
7.799403522411981760e-01
1.729788510203361440e+00
8.752661176274220134e-01
1.105226927200953169e+00
9.120488761741822881e-01
1.217363401974240977e+00
1.511723384360472267e+00
1.258557639370362136e+00
1.344579088489214369e+00
1.937877458333969072e+00
1.739466237624486267e+00
1.655192964076996009e+00
1.608651931285858039e+00
1.714174458185831806e+00
1.308521077632903928e+00
1.443226091066996286e+00
7.302582194904486679e-01
6.479151344299316495e-01
1.658445322910945041e+00
2.061362547079722329e+00
1.111576423446337447e+00
1.039286073446273662e+00
1.119609366655349492e+00
1.940626993576685777e+00
1.388191264073054043e+00
1.401068415244420162e+00
1.771811001499493887e+00
2.097200485070546794e+00
1.483545099695523506e+00
1.137093869050344042e+00
1.186841269731521820e+00
1.391110578775405671e+00
1.432827265858650057e+00
1.732537893851598287e+00
1.693847293059031145e+00
1.274832715988159393e+00
1.250201469262441023e+00
1.358761156400044801e+00
1.229124860673521891e+00
1.184026236136754395e+00
1.168304178516070158e+00
1.521631668011347527e+00
1.220564087629318228e+00
1.474847581585248424e+00
1.452301063140233328e+00
9.589154599110285560e-01
1.705235559468468054e+00
1.076141216158867042e+00
1.379425663948059100e+00
8.914907673994699744e-01
1.532136457065741197e+00
1.029884323875109420e+00
1.149950406352679089e+00
1.088235419193903653e+00
1.656448148091634209e+00
9.953843021392823065e-01
7.720206689834594460e-01
8.386679230133692320e-01
1.333661512533823590e+00
1.844495162169138780e+00
1.904069809913635281e+00
1.189942570130030131e+00
1.430025463302930122e+00
1.247990299065907749e+00
9.266328833500544482e-01
2.096148871580759909e+00
1.914290982882181691e+00
1.097814287046591453e+00
1.644682542880376186e+00
9.372934728860853326e-01
1.686090816259384173e+00
