1.825178541342417304e+00
1.397425633483462937e+00
1.343624274267090524e+00
1.239338084260622974e+00
1.241628423651059521e+00
1.124943898293707445e+00
1.120753660162289833e+00
9.669135252171091599e-01
9.144480327665804875e-01
8.170024916960134664e-01
7.799636991322039803e-01
8.005358585019906048e-01
6.852302143457862371e-01
6.575014941659238499e-01
7.112653975975182785e-01
6.465624888034330331e-01
5.782308222214794791e-01
7.090884006433187947e-01
5.798783249283829822e-01
6.259052383523020513e-01
6.732233431844247828e-01
5.269471804675542881e-01
5.997276355221660138e-01
5.728476161705329250e-01
5.365971927704910049e-01
5.469624486150633791e-01
5.844417613626767816e-01
5.292848263699561073e-01
6.004269939334028194e-01
5.774362273514270782e-01
6.453685653933013411e-01
5.773012192385891250e-01
4.379489966564708570e-01
5.845220057755293741e-01
5.001628528193881040e-01
4.061978289344244653e-01
5.568919920292165759e-01
6.119483445475084604e-01
5.047909956413010324e-01
4.287860425669286490e-01
5.769830863068087234e-01
4.347385798984518823e-01
4.458579717923162877e-01
5.515411259602343019e-01
4.939645969484829924e-01
5.309723739854637081e-01
4.489299663350814207e-01
4.760012748009628814e-01
5.250971263137955702e-01
4.491054063108232408e-01
4.117513029585696538e-01
4.712981114242639213e-01
4.419720734619638769e-01
4.495854612762729685e-01
4.566866351121829370e-01
4.461413870895695188e-01
4.487057786031315443e-01
3.873784728068858652e-01
3.985900484555297552e-01
4.342896858174057906e-01
4.108117291231950796e-01
4.228631645633528224e-01
3.601899759192019879e-01
4.059302299857760477e-01
4.517927854011456468e-01
4.119045562615307743e-01
3.615480932936382952e-01
4.208069117023712780e-01
4.448540237357114790e-01
3.141387218189322650e-01
3.209992551891546753e-01
4.583468254005743647e-01
3.279291294289545800e-01
4.081121773543872067e-01
3.631862071353114674e-01
3.818886531667990414e-01
3.709712102740175266e-01
3.466920321547529715e-01
4.032832898408589273e-01
3.203709224632216856e-01
3.821100787839127877e-01
3.457725064381439450e-01
4.280719798154507538e-01
3.622484271554904933e-01
3.433241184425747106e-01
3.241724792071747352e-01
3.183816651880430615e-01
3.376887886567144781e-01
3.977569838754004827e-01
3.686871846873416847e-01
3.677768294227620194e-01
2.660898021032464533e-01
3.684099938523335283e-01
3.211382758614814703e-01
3.371845128801650993e-01
2.883094755916131846e-01
3.151449270845494421e-01
3.360616801216577132e-01
2.952765500221608552e-01
2.491221051349485349e-01
2.454060464050724644e-01
3.341132311407579714e-01
3.069723156948263032e-01
3.133504652336446261e-01
3.531916671796417329e-01
3.031977724986564815e-01
2.886157294493168490e-01
2.928396742418925003e-01
3.019784724086315708e-01
2.887077542466836011e-01
2.983250946138287230e-01
2.240750575150725621e-01
3.682166801548252821e-01
2.419807059489604284e-01
2.945863405625439579e-01
3.195653047772745170e-01
2.995461459044987951e-01
3.049887916864383874e-01
2.653838033951405051e-01
3.121771038186529346e-01
2.323696157196019352e-01
2.524626229319256177e-01
2.397450894326902948e-01
3.030846079592852127e-01
2.285508333991488339e-01
3.267804755500595126e-01
2.473849244748707876e-01
2.202810976335054516e-01
2.666102465436949176e-01
2.495169669323940853e-01
2.314724121323929185e-01
2.441014463465608908e-01
3.036952749842830035e-01
2.613617345213424814e-01
2.596714594050103520e-01
2.445609291686883235e-01
2.424389572171309626e-01
2.677007925225835527e-01
2.225144174660348972e-01
2.374977688218091743e-01
2.087667873724131096e-01
2.426389516868641683e-01
2.965101507378535839e-01
2.476598634591533066e-01
2.386037801569198535e-01
2.269391340014214331e-01
2.659690573502384026e-01
2.901475069512768346e-01
2.355880162798954791e-01
2.447707377189718425e-01
