1.785655797137154277e+00
1.371992212295532365e+00
1.167789648294448757e+00
1.137062979863749490e+00
1.003970729649066751e+00
9.116700916190942916e-01
8.601775688297219613e-01
8.362029390848346733e-01
8.195884000013270443e-01
7.273805176930293603e-01
7.524312935632964106e-01
6.171136666689481798e-01
6.639014625996351171e-01
5.991737861753337890e-01
5.160665780558354454e-01
5.857146059115313497e-01
5.798692497545853142e-01
5.758782180274526485e-01
5.222658868118499331e-01
5.471838501170277480e-01
4.856398622701979528e-01
5.160253053527947831e-01
5.082970974155598398e-01
5.249408310756293883e-01
5.000211375682199755e-01
4.944662781252215922e-01
5.002951735179457238e-01
4.767613290809094018e-01
4.517545998107849181e-01
4.965954678462197736e-01
4.036363136691766274e-01
4.358866562109647846e-01
3.712319706769841021e-01
4.570803297215865757e-01
4.664823075712968281e-01
3.883475649961167231e-01
3.980595847984982893e-01
3.694272753948139032e-01
4.311472713431706016e-01
3.706140391140554935e-01
3.991476307403192814e-01
3.961068751865791104e-01
3.674045773488986977e-01
4.114424462295654950e-01
4.205355410654511017e-01
3.637226343114549620e-01
3.966814894025317284e-01
3.552989941907839788e-01
3.190337752397689464e-01
3.615841817227709587e-01
3.257878232453432221e-01
2.979639154321824801e-01
3.466487170625995318e-01
3.278330116338200040e-01
3.002297520429516586e-01
3.614899982098076503e-01
2.936030431669335306e-01
3.175059324324959187e-01
2.732643688375441249e-01
3.763198521495537685e-01
3.727171742590144610e-01
2.801664166439634673e-01
3.297510261529436049e-01
2.729416850644371118e-01
3.004691802840679937e-01
2.981833211484675727e-01
2.945773612701644284e-01
2.985463873269553758e-01
3.105847288962039210e-01
3.740854766284012478e-01
3.030269560842878129e-01
3.201495925347424554e-01
3.138093368053022081e-01
3.029269566516805678e-01
3.035485759224587632e-01
3.398844918902549361e-01
3.300132259871396689e-01
3.120033424778116959e-01
2.666958909936042454e-01
3.317304120681559554e-01
2.929645875563017254e-01
2.670581159993178355e-01
2.882418918660324403e-01
2.821058635609224874e-01
2.509550803300614197e-01
2.939030224756829512e-01
3.095425706770426055e-01
2.826547483869620847e-01
2.836982183264723512e-01
2.976615336726212147e-01
2.794039720719576625e-01
2.848612920726752984e-01
3.154530365856932916e-01
2.590532822224518861e-01
2.739666511521208769e-01
2.632350697907774317e-01
2.629505878294456367e-01
2.501642661461503381e-01
2.857725629100782982e-01
2.696374056219226767e-01
3.006214700866904899e-01
3.212890138684046937e-01
2.467442878014925456e-01
2.495358187578514964e-01
2.823865268110400950e-01
2.159495977592758020e-01
3.208733290327815957e-01
3.132983355182740182e-01
2.192720508496794896e-01
2.942493486396141056e-01
2.659076280948809434e-01
2.827282544366188088e-01
2.356860146903588249e-01
2.480665782537931907e-01
2.733741526617151640e-01
2.652763296488362399e-01
2.653884890060355106e-01
2.473951575767973365e-01
2.575130370717702566e-01
2.413268343264030058e-01
2.898250237162638965e-01
2.439964569623568891e-01
2.633633943316526782e-01
2.355584549883173451e-01
2.673198947631236777e-01
2.345254263596402156e-01
2.521929044105216122e-01
2.209285009725329707e-01
3.100627619429595083e-01
2.564367140819214796e-01
2.596489661418729389e-01
2.681859544346419377e-01
2.753123553980968974e-01
2.785448045461154098e-01
2.660265633189895507e-01
2.373841039639794093e-01
2.378546404323747532e-01
2.712117246506063895e-01
2.169573272702594591e-01
2.627742795994919556e-01
2.486295006421601617e-01
2.688315732792640467e-01
2.550079399494376564e-01
2.551663043176134460e-01
2.734108497790163628e-01
2.288363921472854334e-01
2.550687052962603008e-01
1.864958244574566604e-01
2.456838169207589684e-01
2.403920707811808000e-01
