1.693879887969405473e+00
1.362343945238325471e+00
1.241094114471364973e+00
1.171250706602025904e+00
1.069453102570992797e+00
1.017640846548256928e+00
9.388266976012124010e-01
9.128594307767020632e-01
8.331125731159139125e-01
8.112582695318591997e-01
7.282060533265272140e-01
6.979705704693440760e-01
6.760823223974418150e-01
6.508889623400238023e-01
6.168116211629024459e-01
5.981380412700001425e-01
5.824444168750886330e-01
6.072395642501888791e-01
5.550478337298112574e-01
5.738447383260009138e-01
5.344911186452264706e-01
5.191849856589126899e-01
5.157328677996647626e-01
4.889379380036283362e-01
5.090853836039012092e-01
5.015824369075535527e-01
4.877015168909674125e-01
4.619998493135250572e-01
4.341743097356003389e-01
4.806986877273905501e-01
4.317585715548032388e-01
4.530150987966744536e-01
4.218298389534982928e-01
4.320135896178652901e-01
4.169675177861763560e-01
4.590822472192209180e-01
3.943536029578428304e-01
4.062535239775078577e-01
4.051198528252576425e-01
3.993178522581649070e-01
3.740970265641118675e-01
3.782478168655049044e-01
4.077089259066378202e-01
3.953389049693941670e-01
3.833770966981709938e-01
3.701494655644314014e-01
3.883479601089601108e-01
3.531532924374806703e-01
3.793867442815530011e-01
3.459555803822284559e-01
3.760389489784009553e-01
3.486586178984941720e-01
3.851317731279845225e-01
3.280992205482390345e-01
3.591160409328424397e-01
3.339503096111325897e-01
3.513881365073568963e-01
3.473895407762999654e-01
3.524477434389431396e-01
3.440642696468987349e-01
3.102334526846082241e-01
3.388282506780146419e-01
3.446134241684167265e-01
3.093313214206136474e-01
3.304711213992495011e-01
3.259329148175850177e-01
3.306963648305584758e-01
3.324351361446530873e-01
3.427426354471524994e-01
3.241614221683185582e-01
3.259449304939524006e-01
3.191286963596939863e-01
3.170757023502072114e-01
3.256131381176722295e-01
2.949495467883361810e-01
3.040516355959698158e-01
3.052492354175558864e-01
3.195631463605806966e-01
3.068393519286204407e-01
2.836741628615117028e-01
3.161165493602554055e-01
2.657512073887994819e-01
2.984420516040107163e-01
2.796685577698775904e-01
2.961142139536052653e-01
3.059558103228833259e-01
2.866121102640991625e-01
3.084244952483654600e-01
2.854929815692378581e-01
2.747553793261586774e-01
2.759664014328478410e-01
2.730768553312453717e-01
2.708953585546394760e-01
2.569765792633579293e-01
2.675358912915302145e-01
2.807637053643594616e-01
2.853807911754551729e-01
2.552183788523285091e-01
2.626860032260797118e-01
2.876800489506718961e-01
2.634776827429973212e-01
2.495387979001841283e-01
2.512066687730192815e-01
2.664788461873131009e-01
2.480725523463830073e-01
2.651198174642329652e-01
2.707001163403900401e-01
2.769492755431027242e-01
2.558324925570438224e-01
2.545807846451040302e-01
2.625830119981913402e-01
2.401527090137824394e-01
2.541613168659171973e-01
2.324303755966981022e-01
2.484095443514417190e-01
2.690594735277678784e-01
2.583502739744640841e-01
2.447531319465660604e-01
2.383909395124107766e-01
2.454944428421246272e-01
2.290254451932937640e-01
2.421155079994005421e-01
2.119818314432200812e-01
2.418568052161330084e-01
2.576679652767187023e-01
2.265805825002974727e-01
2.474951226903444879e-01
2.307954074894358332e-01
2.325143496953468447e-01
2.304146043752768325e-01
2.287600813069622652e-01
2.231186939517243173e-01
2.172471639739039229e-01
2.465375244909362995e-01
2.234534824998721803e-01
2.401173661324988440e-01
2.050323344108700430e-01
2.307338833704556114e-01
2.275721190337747224e-01
2.152498176916830541e-01
2.121195095632639194e-01
2.006145849259013958e-01
2.288135005916572262e-01
2.304396195373826228e-01
2.356205791154772911e-01
2.211481274085775051e-01
1.959776811029856902e-01
1.965172474532112523e-01
2.395783388065346742e-01
2.107757905436813406e-01
