1.709160775740941274e+00
1.502132221659024491e+00
1.488054807649718425e+00
1.389772763152917312e+00
1.094646631810400228e+00
1.036940789322058354e+00
1.153372398383087472e+00
1.013250950707329512e+00
1.165949149496025461e+00
1.200388987387219997e+00
1.040399278468556066e+00
9.441545723544226831e-01
9.271528010308328627e-01
6.900220610449711023e-01
8.235453079425626433e-01
9.136275530689290658e-01
8.027926292560165766e-01
9.779563088984124519e-01
8.329521019260088810e-01
8.953827570792700641e-01
7.291092933548821708e-01
5.542067618750864400e-01
5.869913711420828850e-01
8.071584498809858399e-01
6.199677483794383548e-01
7.950882195091495408e-01
7.633907951331799779e-01
7.042882473270097865e-01
6.031067909155455320e-01
6.102144661628536859e-01
4.169932572378052815e-01
7.694014674445173174e-01
6.126366637812720173e-01
6.267268449461295132e-01
6.352065120927161690e-01
6.988344637718466590e-01
8.180597455261480189e-01
6.979169149070771905e-01
6.295148065023952189e-01
7.568164587103657359e-01
5.586143890292281089e-01
9.249300362997583402e-01
5.908109716677831802e-01
7.750016470584604189e-01
5.363290234828989034e-01
6.635630872369641109e-01
8.772035376567186571e-01
8.574258255047929600e-01
5.968717430273278168e-01
4.939549590771396548e-01
5.929601985102312955e-01
6.793601482030418026e-01
6.868351794530948018e-01
6.908588045738740524e-01
6.294835135805706416e-01
3.398237090754426259e-01
5.363061692552744120e-01
7.922826047241687819e-01
6.595881682702262605e-01
5.203288428102517127e-01
5.653154410690897080e-01
5.401452125603747323e-01
8.664733139094378256e-01
5.404125398480228437e-01
5.564786771084698769e-01
4.814180212597259367e-01
5.239936057003214964e-01
5.655529401948055090e-01
4.872097875157164748e-01
5.002426714563950050e-01
5.930478015686901916e-01
4.953944502569113117e-01
6.150273503647702977e-01
3.356455155860425532e-01
5.088571331993444469e-01
5.814755207817589033e-01
8.137750895362760861e-01
3.642930680409901534e-01
3.291884431871585082e-01
5.327962201383585894e-01
5.988346154563543022e-01
4.481441680958960783e-01
4.480787208096848606e-01
3.558969071087711988e-01
6.897451522113341449e-01
6.205813696866648854e-01
5.574032690699418646e-01
7.421599963698665148e-01
3.580066060851742060e-01
5.608422495786927753e-01
4.665431466046719988e-01
5.227954109192231025e-01
5.378789943924897621e-01
4.791796715143654128e-01
4.834153665457335269e-01
4.122437136358995113e-01
3.997628242045175306e-01
4.463275837049716088e-01
5.523519822224300935e-01
4.354156138406445331e-01
4.733047635436782308e-01
7.968541444755263825e-01
6.116510718458642026e-01
5.967058606174153734e-01
3.770329551812675595e-01
4.681483941121648007e-01
4.640715814402532891e-01
4.522751855405254817e-01
6.323588140226072962e-01
4.870084253604162194e-01
4.636090790645943649e-01
4.106638868204835480e-01
4.976273005683388706e-01
5.189019253668892828e-01
4.408918393734428953e-01
5.272187328918112037e-01
4.488072673083256525e-01
3.062272348311833037e-01
3.592567726307445142e-01
3.721367423163933763e-01
4.718017320924748903e-01
3.858311396785494840e-01
5.078208565484317871e-01
5.125326001726919767e-01
3.297526444616313279e-01
6.610031730557481833e-01
4.917045075404974375e-01
4.379472920008832260e-01
4.502783811076854770e-01
4.199348853908789758e-01
8.233568798429850011e-01
3.047687565558590550e-01
7.033675195090471899e-01
3.994859889315234835e-01
4.389037404949259202e-01
4.684326811631521759e-01
3.054017729922715030e-01
2.820404576489494719e-01
5.490020417429817279e-01
4.352674865775690849e-01
4.639571867206443434e-01
3.005299089735167239e-01
4.045056490681341321e-01
2.787511942033517043e-01
6.076311393651282478e-01
4.130131965332354826e-01
4.807601623583791506e-01
2.912334311338297121e-01
4.056323841022742016e-01
5.417300103397832967e-01
