1.715793011320962069e+00
1.431121932864189095e+00
1.562740342948171657e+00
1.379120818508996038e+00
1.301709540552563160e+00
1.082796037875943584e+00
1.499799213376310281e+00
1.076021717571550074e+00
1.235257129768530415e+00
7.928548428436947848e-01
1.019190872717234964e+00
1.194792578005128281e+00
9.228256873082782974e-01
8.362019551752342128e-01
1.316159949517912375e+00
9.028573528428871509e-01
1.129232392633954696e+00
8.176595676524771594e-01
1.094681354566580778e+00
1.286490619464053076e+00
8.366207286881074401e-01
9.488674837143886709e-01
1.220389948371383593e+00
9.029155373738871893e-01
9.343489597334215802e-01
9.934710132227175805e-01
6.092668187452686679e-01
7.667877158119031922e-01
8.477230070241622562e-01
7.707612018245789676e-01
6.313999643042269572e-01
7.393902265311529387e-01
9.655213772257168481e-01
9.383442667514707569e-01
9.962659504347378681e-01
7.465165516558207592e-01
5.483372442936523816e-01
6.991278613688578503e-01
9.206822694719045685e-01
9.852367231705123629e-01
1.001292021738158455e+00
8.944262594646877895e-01
4.781164917745627241e-01
6.886590630147191305e-01
6.032758831729492233e-01
7.564550269188152765e-01
5.518141799616730347e-01
5.801471985229808004e-01
6.429690375458450013e-01
6.372706664105256547e-01
6.948117774104078936e-01
8.239151064213364739e-01
8.561385911879026978e-01
7.858565786584383872e-01
4.106481087021530141e-01
7.430227015084691633e-01
8.869283904218011605e-01
5.208055453385329603e-01
8.785284071332878364e-01
6.611233780773667634e-01
6.840088026471331517e-01
7.868480847508179110e-01
5.746947663029035036e-01
6.082374835821490189e-01
4.784674210517874116e-01
4.421334150134741958e-01
3.589636056772950168e-01
7.914997283038165410e-01
8.576833247972860397e-01
4.259958436836798756e-01
7.885989624223050942e-01
4.673773739321364085e-01
4.075905998999951874e-01
7.359011436217567370e-01
5.014018537212783233e-01
6.721985156006281548e-01
5.831379031969440296e-01
8.713102092684452682e-01
5.839145523492091927e-01
6.249176399036595608e-01
5.154891739309661602e-01
7.376713879220186953e-01
4.594676503083771624e-01
5.112808853698271871e-01
4.491347290055515695e-01
3.282885559333954539e-01
5.308013807462217404e-01
9.404223489109428957e-01
4.957461532184647135e-01
4.664817925787064778e-01
6.170689224674262841e-01
4.817885188058587675e-01
4.794938287389878262e-01
3.255359604302793808e-01
7.511434739321056764e-01
4.299030012182063487e-01
5.021544912144438877e-01
6.621710667552219709e-01
6.444353546921369746e-01
5.646507368050515119e-01
3.391873389063403410e-01
3.335845728957469447e-01
3.460667784085186827e-01
5.009439282212406752e-01
5.567246491875913472e-01
3.938196273675809156e-01
5.596485277924997392e-01
6.036286721254388032e-01
3.945696230087842871e-01
3.408184836882476310e-01
3.808151447392689737e-01
5.540539800398982528e-01
5.970873776515428499e-01
5.007928146194252639e-01
3.343206444245717668e-01
6.226143494778080267e-01
5.809206135069123755e-01
2.700170963448989547e-01
6.271587792401097650e-01
4.288900009170173999e-01
5.460397533570520157e-01
4.963916425927568099e-01
6.798783269757404657e-01
3.629468289969696171e-01
4.969583234185767084e-01
7.358755182888772062e-01
2.445089486634565712e-01
3.979679621611204587e-01
4.222262329856555363e-01
4.846044914018906025e-01
5.846028440499988488e-01
6.004163840612293246e-01
3.791305514707022928e-01
4.679021405379494847e-01
8.432673005842499236e-01
5.061793174889558378e-01
3.475730636599473344e-01
2.481764926916609215e-01
4.354497876835780046e-01
4.277546718069869525e-01
3.234089103667065479e-01
2.964482825766834861e-01
5.488394020997089395e-01
3.562531036028587228e-01
7.783471609439908123e-01
5.899485369410832902e-01
5.804019122035242173e-01
3.263727476196234822e-01
3.525873908793760725e-01
2.322808537751229474e-01
