1.804739102257622907e+00
1.588233980072869311e+00
1.543201972643534203e+00
1.486283870538076091e+00
1.536313460138108988e+00
1.468802000416649545e+00
1.208573372628953591e+00
1.215218664473957544e+00
1.227668630613221179e+00
1.151675853563679519e+00
1.138453179796536707e+00
1.092634092304441751e+00
1.035301930705706308e+00
9.326090995801820105e-01
1.018507230207323921e+00
1.060498466280599406e+00
8.167148580484919762e-01
1.090134632173511697e+00
1.008059017790688294e+00
8.036657097935677729e-01
9.414702080397141515e-01
7.441158579869402434e-01
7.125991527963844163e-01
9.241362487431613593e-01
8.543439445230696094e-01
7.585831288351780888e-01
7.811487124342882948e-01
7.843209570912748063e-01
6.667178239880336976e-01
6.205724134875667541e-01
8.934395574902496140e-01
6.612468468149501621e-01
6.696099349194102324e-01
6.798236039094627259e-01
8.776854097677601052e-01
6.602865429719287915e-01
6.900058140036545717e-01
8.289755640080613830e-01
5.213537699506721745e-01
6.731843158012875694e-01
9.888308668136597257e-01
7.423616869250933004e-01
5.748127471986743675e-01
6.925155433867540289e-01
8.563083282940917584e-01
6.078594437903828140e-01
5.546028468136985357e-01
4.357414915474752126e-01
8.353027442552976023e-01
6.744478993174723991e-01
4.629250577630267816e-01
6.887359001880717368e-01
5.912810888327658665e-01
6.718303004693653158e-01
6.251040539890528880e-01
9.121387446164670454e-01
4.431998791017880412e-01
6.818056864043076093e-01
4.985797323286533245e-01
5.568805290510258077e-01
5.723415589001442649e-01
4.373946118023660512e-01
5.811056495540671829e-01
7.433468488365827520e-01
5.775321468234889677e-01
6.318739184178412405e-01
4.408685108357006111e-01
8.723704938600874703e-01
5.329813857997457438e-01
6.455089926222961072e-01
6.592479752894077061e-01
8.041743955631843743e-01
6.566643464813630704e-01
5.866250616229242709e-01
6.263913954090740699e-01
5.343897777464654553e-01
6.131541944791873977e-01
6.756818811719617068e-01
5.934721682303482071e-01
5.960474593042291991e-01
5.218918804244863097e-01
4.143892322998080080e-01
5.741688926828404371e-01
5.834542488099799806e-01
4.631045344306362610e-01
5.381235755597137960e-01
4.238615290075540831e-01
5.812667309451434727e-01
3.229027742292317482e-01
5.856428009147446323e-01
6.302943540530072664e-01
7.437948758351721201e-01
4.585108539653527937e-01
4.654711908303822421e-01
8.738646001552436982e-01
4.733522693978415852e-01
4.520660987347622783e-01
5.197701090160343762e-01
7.176712497489320386e-01
3.154880235344171280e-01
5.818707719859149696e-01
4.908815332476256788e-01
4.677176696714013815e-01
8.031922566973500599e-01
4.048875741826163943e-01
3.495520906493119195e-01
4.416391117834589375e-01
5.918853789785256669e-01
5.616723005949623149e-01
5.849411478480842641e-01
6.360117343523435940e-01
3.112810015285180643e-01
3.195785649082002466e-01
5.879573354776949090e-01
2.637083647601927705e-01
6.963525632003114696e-01
4.221893274483995429e-01
4.041847796518251990e-01
4.902545066246400407e-01
5.112328756745491143e-01
6.874767709663138771e-01
6.809286159908191083e-01
3.087774865251655121e-01
3.813767192481706259e-01
3.139243501176436912e-01
4.537202840507962298e-01
4.037124563613259665e-01
4.667033287280032416e-01
4.939094560945199719e-01
5.338055624414441702e-01
3.535848606129487481e-01
3.830756433665131189e-01
4.018010842303434416e-01
5.552089592948969976e-01
4.644764070968246950e-01
5.945248470988331313e-01
4.994097715616226951e-01
2.635180579520076671e-01
3.949084573404656462e-01
2.925291937713822010e-01
3.851096640273721783e-01
3.655101992272667966e-01
3.371771429918913321e-01
3.331388716373799852e-01
8.640619662983548555e-01
3.255137850245874986e-01
5.232078861401209258e-01
3.596499747486733845e-01
5.025931302975449322e-01
4.039719344732455864e-01
