1.458974702358245779e+00
3.361494372685749799e+00
1.636280888716379778e+00
1.709198240836461435e+00
2.529007482528686346e+00
1.529461255470911940e+00
3.194534735679626092e+00
1.928235309918721496e+00
1.388612788518269747e+00
2.590169002215067628e+00
1.438879003524780487e+00
1.576966186563173888e+00
1.279238150417804754e+00
1.537563325961430749e+00
1.809655578136444287e+00
2.374838896592458504e+00
1.879555643796920750e+00
1.798477238814035983e+00
1.178772421975930795e+00
2.004911435991525881e+00
1.743290634155273411e+00
1.881366505622863894e+00
1.140372403860092199e+00
1.977899352461099713e+00
8.049678748846054166e-01
1.901336192687352433e+00
1.601776971022287999e+00
1.413176055749257198e+00
1.804091529846191477e+00
1.594744585156440575e+00
2.172076536814371739e+00
1.248317253092924739e+00
1.187382231305042612e+00
2.652220968405406332e+00
1.625824437141418555e+00
9.040558421611786244e-01
1.288466793497403451e+00
2.063195683956146276e+00
1.281635459164778279e+00
7.263910504182179428e-01
1.208602640802661554e+00
1.512919554015000667e+00
1.373774147145450097e+00
1.348112200299898866e+00
8.696264332532882557e-01
5.035194641351699030e-01
2.102188918739556822e+00
8.431612116098404774e-01
1.318144979874292799e+00
1.885952292879422787e+00
1.218759960333506198e+00
8.137973274787266842e-01
1.033900485833485927e+00
1.385081022381782656e+00
1.130259139686823122e+00
1.349313442707061883e+00
4.589199456075827577e-01
1.796925558646519816e+00
1.804328032732009701e+00
1.051744170089562669e+00
5.779996064491570440e-01
1.938050423723955973e+00
8.257221355040866850e-01
1.430404134392738502e+00
9.770599051192402351e-01
1.710194131657481575e+00
1.615586032612870371e+00
6.893961846828460249e-01
1.145969750749257887e+00
1.380260897167026934e+00
1.279875185489654621e+00
1.150774742159992314e+00
1.459182627201080162e+00
6.632469273824244116e-01
1.007565465966860474e+00
1.508122657140096079e+00
6.840668688217799165e-01
1.957347158193588399e+00
1.583357794284820486e+00
5.533329967161019214e-01
1.816656755208969187e+00
8.828688062727451102e-01
1.626328144455328584e+00
1.049247889717420001e+00
1.223049733241399206e+00
1.300332360888520888e+00
1.041986837921043074e+00
1.387999876340230143e+00
9.135090447465579189e-01
1.820993789651741412e+00
8.791494069496790242e-01
1.217441252917051298e+00
1.436599508523941138e+00
1.619230490128199307e+00
1.102706234057744483e+00
6.818520086258649249e-01
1.081838269233703853e+00
7.629302655657131949e-01
1.137847794567545368e+00
7.738246360421181524e-01
6.983961328864097817e-01
9.393985950946808217e-01
1.229912491440773081e+00
7.372543203830719261e-01
3.551118956940869653e-01
1.523802975416183481e+00
1.134329359730084974e+00
7.070191371440888162e-01
7.973071510531007933e-01
1.338500979344050101e+00
1.287920551697413263e+00
8.674725942810376234e-01
1.788176211391885984e+00
7.367562399307887588e-01
9.328842521707215729e-01
8.646852562328180003e-01
1.393717174927393554e+00
4.782686370611190507e-01
7.594497024019559728e-01
3.049289609243472365e-01
8.452883731418600055e-01
8.957828269402184906e-01
1.245802455941836140e+00
6.871480228503544785e-01
1.032491367260614856e+00
9.702807200948397881e-01
6.730564473072687681e-01
6.773901131749152649e-01
5.114029691127750521e-01
1.288539874653021444e+00
1.612946164136131788e+00
1.677363561789194879e+00
5.757486007610956857e-01
1.175733891402681364e+00
1.009509108395626020e+00
1.500578098297119078e+00
5.905954340721170093e-01
4.223793683480471239e-01
1.498827904065449967e+00
9.016524446010588667e-01
1.000747209886709843e+00
1.891832046111424859e+00
7.281493276357651201e-01
8.827068021024266908e-01
8.034211968382198865e-01
1.015400239427884488e+00
1.305739457122981451e+00
6.515815867980320197e-01
1.052093808948993736e+00
4.715852227310339262e-01
