1.684596308602227310e+00
1.515300056536992512e+00
1.554625740051269522e+00
1.402889994515313044e+00
1.369065179824829004e+00
1.496638574798901722e+00
1.736821892658869659e+00
1.161741566194428366e+00
1.410185230573018256e+00
1.298276875813801912e+00
1.340305839975675095e+00
9.848238401942781550e-01
8.667411739627521872e-01
1.283395529654290934e+00
1.099690578513675021e+00
1.122139043145709447e+00
1.148652237984869151e+00
1.217225138545036334e+00
1.154930561135212752e+00
1.204499081671237759e+00
7.968389406965837862e-01
1.003897174795468583e+00
1.043469895190662688e+00
7.332450121765334838e-01
9.282052163779734855e-01
8.719450842671921942e-01
8.081060409380329546e-01
9.006468029816947496e-01
8.305206304623021785e-01
1.265396391484472582e+00
6.655272090352243319e-01
1.325804862843619425e+00
6.062476562791401236e-01
1.108999673128127750e+00
8.691065225005150108e-01
5.729523250005310597e-01
7.573089042140377369e-01
9.454349062674577420e-01
8.543045188527969014e-01
5.362181153231198039e-01
8.072814513163433237e-01
8.047860626214079494e-01
7.181140308413240803e-01
7.626093881742822544e-01
6.460648475069967756e-01
8.400547291752363810e-01
8.382283128342693512e-01
8.254107210412620077e-01
7.682476987524164969e-01
7.150209035683010583e-01
1.273313106803430461e+00
7.726356216871903548e-01
6.491918926406652357e-01
9.288455933404879961e-01
9.856440762057900873e-01
5.130244515215356405e-01
7.806741955710783110e-01
5.429442347586154183e-01
6.814299411740567525e-01
8.847791370444207937e-01
5.432497575123690359e-01
1.071733622204822822e+00
8.265862279468112472e-01
7.013902293890714734e-01
7.330252344895982208e-01
7.525755632508339676e-01
5.679438825686358161e-01
5.964993779030109966e-01
4.413718384462925748e-01
4.471926001355880365e-01
5.326308953213609865e-01
5.725803951484461640e-01
4.850224715802404774e-01
6.475938938309748760e-01
4.465249917904536292e-01
5.184448500401857007e-01
8.743582817622357339e-01
5.412314439621856987e-01
5.646421383569638630e-01
7.890006204487549635e-01
4.677511839941144167e-01
3.305789066307867619e-01
5.978028033797940788e-01
4.469708899222314402e-01
6.144594766779079009e-01
7.352220124502976129e-01
3.591255440531920251e-01
6.305941933057167548e-01
6.707968691074186474e-01
4.701551520576080501e-01
4.434406999845265096e-01
5.475016232911082970e-01
4.890761271615822747e-01
6.821791388761873076e-01
4.087462235656049714e-01
5.484165411059641615e-01
4.081461213094492169e-01
7.034620342445042640e-01
4.601993676342277517e-01
4.422371226549148271e-01
5.359257226768466831e-01
5.488049254814784117e-01
3.701710077044036429e-01
6.600129194433490554e-01
5.595004714528719614e-01
5.642133379603425647e-01
7.770577346202400815e-01
5.735841070198350877e-01
5.873856112857660516e-01
4.449472784499327593e-01
4.455749119197328634e-01
4.782164060500347924e-01
3.763695730227563652e-01
4.972514517098250986e-01
3.306728642180355449e-01
4.638631983354894461e-01
4.363118677187918237e-01
5.382270960707683516e-01
4.259798714953164089e-01
3.602601668693953263e-01
4.955085624257723476e-01
5.005124676248265958e-01
6.021513131861058188e-01
2.991415574854343618e-01
7.241727950879268683e-01
5.590930943259607711e-01
2.817493334161635388e-01
6.401811419210086118e-01
4.013269352405849366e-01
4.745060293831759313e-01
3.645744105759593512e-01
7.759312246563947468e-01
8.272001647535297542e-01
3.862073326535109263e-01
6.172008969075978291e-01
5.124944649864401347e-01
4.794632102104109950e-01
6.680907637046443748e-01
3.951441783623562132e-01
3.017002106282032359e-01
5.559091675733605076e-01
4.553466374137335460e-01
5.301586470608082857e-01
4.220335026638996068e-01
3.479507363908406203e-01
4.700049326898685931e-01
3.508067146248908807e-01
6.660615037464433508e-01
4.790217148134899294e-01
4.805418288392118709e-01
