1.671439100106557163e+00
1.497249366939067849e+00
1.458034763733545791e+00
1.286951694687207493e+00
1.341175535817941133e+00
1.207669322316845095e+00
1.304389476378758683e+00
1.058196843514839669e+00
1.066717503468195494e+00
9.199728549147645484e-01
8.392241451765102278e-01
8.509481457667424920e-01
9.414496623041730405e-01
8.542256029446919641e-01
7.771515771498282987e-01
8.181785756597914627e-01
7.221564706166585523e-01
7.905834608773389949e-01
6.275644492404535146e-01
7.302544541470705752e-01
6.557448135471591888e-01
6.681306549658377891e-01
7.718950211505094527e-01
6.564057444936285401e-01
5.647739786604264456e-01
7.515239798029262897e-01
5.279088520988202138e-01
5.416830635109606273e-01
5.606775276681098541e-01
7.325782166669766449e-01
5.437268421610739200e-01
5.743991415129856559e-01
5.419227555518348893e-01
5.156840970607785568e-01
6.115950182177281036e-01
5.765174407380012633e-01
6.572955766329929839e-01
6.571585577229658304e-01
6.020865241282929992e-01
4.873575975059066256e-01
5.885553955581659391e-01
5.588807722188843252e-01
5.296077732307215014e-01
5.155883700187162688e-01
5.819995526503771721e-01
4.297964100264167753e-01
4.742482782737352243e-01
5.254163668521989461e-01
5.684670126663210477e-01
4.735506786196492790e-01
4.778147825113652769e-01
5.149238100229801551e-01
4.679432252484063137e-01
4.881051275254382205e-01
5.180246510709791696e-01
4.295466078765457496e-01
4.503622722532600875e-01
5.570655427240611690e-01
5.883132572472096200e-01
4.735842272375399564e-01
5.482059105082104367e-01
4.988269168759384975e-01
4.886063193281492412e-01
4.495460701477713705e-01
4.839220843510702030e-01
4.233641669891463621e-01
4.237105925218201397e-01
4.749218871669533826e-01
6.378028057763972525e-01
4.658499294271072344e-01
4.105802372502512232e-01
3.910604402950653702e-01
5.137865593905249773e-01
4.341420494264457419e-01
4.630410933836053289e-01
4.120455719258947491e-01
3.976407174936806288e-01
4.308195638534380589e-01
4.489700699589835864e-01
5.103094937155643329e-01
3.952571576585371949e-01
4.360652273237549670e-01
4.237438654550350625e-01
4.371571358883132308e-01
4.063367073680274055e-01
3.762413646691614710e-01
3.775089719241562780e-01
4.975094012838477964e-01
4.594684177093828481e-01
3.782858523614898161e-01
4.476328981046876487e-01
3.810154164264288879e-01
3.518776242762881590e-01
3.115191822834700863e-01
3.931532431518038329e-01
4.725878220641364647e-01
4.188085811705484218e-01
4.224077041275450251e-01
4.908731523839136024e-01
3.512266703338051688e-01
3.909140099057307194e-01
4.102060720386604409e-01
3.362683019010971330e-01
3.467369544257720149e-01
3.855309444184725765e-01
4.562361858816196825e-01
3.854418973694554440e-01
4.596376173633809903e-01
4.226513517477238358e-01
3.746027205962066953e-01
3.586605459622418390e-01
3.139575504725022337e-01
4.592390808947190983e-01
4.225998910805598419e-01
2.685988897968006328e-01
3.627171059759954908e-01
3.915009566342148029e-01
3.340544917067745923e-01
3.800129007204668952e-01
3.643244220044774551e-01
3.956737921319047890e-01
5.300172030248601063e-01
3.370690553914755805e-01
2.608053342866090696e-01
3.256888007423064946e-01
4.587482582901915018e-01
3.395228454125269191e-01
3.116238464748797288e-01
3.887751242355443893e-01
3.586718279433990242e-01
3.360212804039474643e-01
3.640635536176463072e-01
3.659552652303440512e-01
3.504849299121027273e-01
3.150658892281352763e-01
3.875353948748671007e-01
2.611074446855733422e-01
2.571481064295706997e-01
3.028634548173673724e-01
3.055527418917821092e-01
2.950709434331899028e-01
3.745243508322164128e-01
3.286912675853818078e-01
3.179294229104804304e-01
2.664321093020650122e-01
4.232368693873286292e-01
2.920999878124955207e-01
3.502613369540388821e-01
2.944032835308462159e-01
3.201529799238779228e-01
