2.309054023424784052e+00
2.308665148417155422e+00
2.308872345288594641e+00
2.308991888364155809e+00
2.309293510119120540e+00
2.309385453859964965e+00
2.308800063133239711e+00
2.308637994130452675e+00
2.308699588775634748e+00
2.309023170471191655e+00
2.308728350003559804e+00
2.308343529701232910e+00
2.309041229883830315e+00
2.309231613477070955e+00
2.309129654566446810e+00
2.309088627497355439e+00
2.308739318847655930e+00
2.309432102839152012e+00
2.309396306673686006e+00
2.308632127443949411e+00
2.309365250269571845e+00
2.308577240308125944e+00
2.309005756378173846e+00
2.309085281689962077e+00
2.309369799296061565e+00
2.309399164517720315e+00
2.308847672144572094e+00
2.308589423497517945e+00
2.309495105743407883e+00
2.309057197570800746e+00
2.308942459424336846e+00
2.309407480557759573e+00
2.309101416269938145e+00
2.309494004249573074e+00
2.309145552317301675e+00
2.309074567159016933e+00
2.309442132314046159e+00
2.308956486384074136e+00
2.309282649358114003e+00
2.309180084864298710e+00
2.309019002914428853e+00
2.309033419291178557e+00
2.309140569368998364e+00
2.309197753270467501e+00
2.308875365257263113e+00
2.309192074139912787e+00
2.308932272593180457e+00
2.309725468953450100e+00
2.309034096399943170e+00
2.308657582600911695e+00
2.309179404576619632e+00
2.309196252822875994e+00
2.308943149248758875e+00
2.309124488830566424e+00
2.308335897127787195e+00
2.309615845680236923e+00
2.308656182289123393e+00
2.309213010470072103e+00
2.309159472783406386e+00
2.309117633501688971e+00
2.308633027076721245e+00
2.309058836301167705e+00
2.309079767862955546e+00
2.309011240005493182e+00
2.309086213111877672e+00
2.308679887453714663e+00
2.308759407997130975e+00
2.309233223597208617e+00
2.308983852068583253e+00
2.309217232068379477e+00
2.308467197418212713e+00
2.308967879613240459e+00
2.308988405863444004e+00
2.309170196851094481e+00
2.308830291430155945e+00
2.308889277776082771e+00
2.308495659828185609e+00
2.308848695755005398e+00
2.308990135192870774e+00
2.308228788375854101e+00
2.308811596234639829e+00
2.308904126485189501e+00
2.308408206303913968e+00
2.308796270688374896e+00
2.308511719703674192e+00
2.308676994641621683e+00
2.308822563489278057e+00
2.309363710085550636e+00
2.309099594751993667e+00
2.308898366292317483e+00
2.308957681655884109e+00
2.309084281921387038e+00
2.308509559631347408e+00
2.309362870852152749e+00
2.309422938028971029e+00
2.308908195495605664e+00
2.308952676455179986e+00
2.309162260691325130e+00
2.308948777516683037e+00
2.309198287328084298e+00
2.308857421874999982e+00
2.309193325042724787e+00
2.308947421709696357e+00
2.309407828648884831e+00
2.308540477752685227e+00
2.309202227592467960e+00
2.309179890950521230e+00
2.308914607365925686e+00
2.309109894434610677e+00
2.309169813791910553e+00
2.309151595433552639e+00
2.309361656506856431e+00
2.309097212155660106e+00
2.308824774424235393e+00
2.309259524345398162e+00
2.309012692769368158e+00
2.309268024762471505e+00
2.309302330017089844e+00
2.308852368990580661e+00
2.308278077443440601e+00
2.308581984837849710e+00
2.308973142306010029e+00
2.308998508453369514e+00
2.308861613273620605e+00
2.309466927846272721e+00
2.309359914461771801e+00
2.308908926645914850e+00
2.308275596300760846e+00
2.309121197064717634e+00
2.308973506291707167e+00
2.309393682479858434e+00
2.308832330703735725e+00
2.309195461273193750e+00
2.309153345425923654e+00
2.308844463030497174e+00
2.308517421086629273e+00
2.309445405006408603e+00
2.309369479815165160e+00
2.309443996747334804e+00
2.309159049987792311e+00
2.308923430442810343e+00
2.308922837575277054e+00
2.308930818239848026e+00
2.309091520309448420e+00
2.309178789456685532e+00
2.309350655873616542e+00
2.309243124326070262e+00
2.308919245402017761e+00
2.309251114527384185e+00
2.308876808484395138e+00
