2.331902786890665435e+00
2.331894097328185644e+00
2.332124268213907836e+00
2.331949721972147671e+00
2.332086939811706561e+00
2.331876734097798387e+00
2.331652483940124476e+00
2.332190362612406531e+00
2.331983397801717039e+00
2.331900402704874864e+00
2.331866672833760923e+00
2.332295808792114400e+00
2.331798392931620167e+00
2.332365452448526888e+00
2.332071927388509103e+00
2.332410666147867850e+00
2.332031299273173097e+00
2.332087985674539787e+00
2.331695036888122186e+00
2.332033778826395398e+00
2.331990865071614571e+00
2.332030398050943809e+00
2.331795814832051228e+00
2.331891768773396656e+00
2.332218345006307203e+00
2.332061185836791672e+00
2.331502340634663550e+00
2.332025332450867072e+00
2.331946085294087645e+00
2.332529764175415465e+00
2.332071908315023201e+00
2.331652191480000802e+00
2.332043889363606848e+00
2.331823391914368049e+00
2.332342960039774482e+00
2.332194722493489358e+00
2.332180949846903495e+00
2.332146490414937379e+00
2.331736895243326835e+00
2.331786618232726926e+00
2.332217642466227314e+00
2.331872862180073724e+00
2.332096395492553764e+00
2.331688381830851142e+00
2.331748970349630135e+00
2.331986765861511657e+00
2.332009646097819022e+00
2.332030326525370345e+00
2.331894558270772411e+00
2.331828292210897047e+00
2.331551488240559689e+00
2.332203483581543502e+00
2.331699420611063722e+00
2.332355721791585346e+00
2.331882669130961538e+00
2.331674709320068040e+00
2.331973334948222121e+00
2.331963710784912269e+00
2.331996173858642329e+00
2.331649411519368442e+00
2.331861262321472061e+00
2.332046802838643185e+00
2.331944880485534721e+00
2.332047624588012180e+00
2.332081397374470733e+00
2.331767055193583182e+00
2.331873822212219061e+00
2.331725322405497458e+00
2.331864282290140977e+00
2.332143192291259659e+00
2.331854283014933138e+00
2.332023440996805697e+00
2.331834718386331495e+00
2.332173117001851370e+00
2.331881038347879631e+00
2.332046224276225210e+00
2.331886202494303895e+00
2.331888562838236645e+00
2.331955685615539231e+00
2.331767905553182363e+00
2.332103109359741300e+00
2.331940970420837367e+00
2.332092655499776068e+00
2.331703515052795606e+00
2.332012818654378261e+00
2.331694491704304983e+00
2.331856358846028598e+00
2.332139120101929031e+00
2.332269212404886716e+00
2.332034980456034301e+00
2.331584536234537985e+00
2.331861270268758002e+00
2.331901311874389648e+00
2.332303762435912642e+00
2.332091004053751249e+00
2.332079022725423556e+00
2.331537993748983073e+00
2.332070414225260180e+00
2.331805891990661461e+00
2.331915588378906445e+00
2.331580673853556274e+00
2.331675976117451476e+00
2.331942680676777790e+00
2.331726269721984490e+00
2.331971071561177666e+00
2.331959514617919726e+00
2.331737662951151258e+00
2.332318172454834304e+00
2.331724483172099127e+00
2.331803809801737515e+00
2.331848573684692560e+00
2.331633477210998784e+00
2.332053314844767300e+00
2.331769065856933221e+00
2.332160385449727258e+00
2.331594557762146191e+00
2.331806697845459020e+00
2.331794918378194303e+00
2.331954962412516430e+00
2.331893920898437500e+00
2.331977817217508964e+00
2.332286044756571641e+00
2.331842268308003785e+00
2.332155820528666101e+00
2.331688995361328232e+00
2.332057178815206022e+00
2.332021206219990983e+00
2.331819785435994330e+00
2.331856328646341403e+00
2.331866289774576551e+00
2.331916691462198710e+00
2.332149807612101444e+00
2.331949844360351243e+00
2.331984697977701693e+00
2.332076667149861393e+00
2.332347172101338462e+00
2.331867863337198976e+00
2.331879475911458055e+00
2.332280476888020537e+00
2.331964774131774831e+00
2.331821112632751269e+00
2.332170812288919759e+00
2.331624064445495748e+00
2.331795918146769342e+00
2.331842176119486520e+00
2.331795918146769342e+00
2.332032259305318433e+00
2.331982504526774136e+00
2.332121113141377489e+00
2.332223310470580735e+00
