1.708331669330596769e+00
1.307271945079167663e+00
1.196491802453994779e+00
1.106729573329289895e+00
1.017327466130256708e+00
9.178921320438385711e-01
8.423416016896565495e-01
7.694183555146058007e-01
7.161075542097290469e-01
6.677028201657035922e-01
6.265789574260512973e-01
5.913381178130705518e-01
5.632332264880338668e-01
5.410480279965946826e-01
5.186315107845391736e-01
5.010075067700817675e-01
4.866650840506578923e-01
4.707796087895209647e-01
4.566299418173730418e-01
4.422451825036356476e-01
4.401371499436597112e-01
4.228266460907955659e-01
4.177780990054210664e-01
4.059084713426418523e-01
3.986211373071807396e-01
3.917272053812630439e-01
3.831878198481474818e-01
3.776609871301334076e-01
3.694340224244321846e-01
3.604151035022610805e-01
3.590013396938641632e-01
3.517681769531531000e-01
3.532122080474315862e-01
3.383009132302056132e-01
3.411248693988503389e-01
3.321678761232179089e-01
3.313136462624339806e-01
3.283550504694382477e-01
3.265307347536242633e-01
3.224064599527046715e-01
3.191501932496515481e-01
3.131433840764220600e-01
3.105971497653517988e-01
3.068163451042492662e-01
3.035128259876122003e-01
3.018605135029259756e-01
2.955036852918176971e-01
2.969104591896757350e-01
2.948327593557769633e-01
2.918013051471207153e-01
2.925442171664520696e-01
2.809729660628363379e-01
2.853344115392150160e-01
2.834184465338475678e-01
2.809715090714550167e-01
2.810836507850326127e-01
2.770274545012895162e-01
2.785586219295704269e-01
2.743046462216880421e-01
2.683216655082069080e-01
2.704321311941603190e-01
2.686511653795993215e-01
2.687916587524038503e-01
2.646969294258548211e-01
2.624433619811994967e-01
2.657150604362056856e-01
2.603496160599170217e-01
2.588733560622591967e-01
2.609686179282920127e-01
2.566593558187984514e-01
2.549394078950087406e-01
2.562370544429868890e-01
2.536589950006843397e-01
2.464881565589457646e-01
2.452954145718055368e-01
2.485375343542545745e-01
2.470434080043729941e-01
2.476603778034138226e-01
2.443097650392446751e-01
2.421631069252422608e-01
2.426476620851705235e-01
2.385850524908940673e-01
2.403366467443217025e-01
2.386817238449973344e-01
2.381081730443984079e-01
2.376801361142036606e-01
2.364897933914326400e-01
2.317541211944772195e-01
2.344966591623767194e-01
2.326698296486865714e-01
2.322913261138601637e-01
2.305776261147887973e-01
2.292775982813521907e-01
2.262463971403582685e-01
2.268529958852062156e-01
2.266693112463301907e-01
2.294700152888350664e-01
2.247417211591964947e-01
2.241082431624333293e-01
2.226987470816820802e-01
2.223012495207755401e-01
2.249483455324080006e-01
2.239943907078510710e-01
2.260338906372586776e-01
2.174179004550290395e-01
2.203056206267792749e-01
2.156225652078477550e-01
2.190041546458378341e-01
2.194547811121834724e-01
2.142580228603134240e-01
2.129735746593990342e-01
2.164746605394562984e-01
2.162628849221704397e-01
2.095093033077622402e-01
2.118623734647408219e-01
2.112285796365079571e-01
2.116926019734237108e-01
2.090822377751270778e-01
2.079808069275847215e-01
2.100558103024183776e-01
2.073261982934394010e-01
2.093741745359342377e-01
2.065880316482701651e-01
2.073523724388020850e-01
2.045620519360721590e-01
2.074945427449032265e-01
2.072834374586430550e-01
2.030100405729996227e-01
2.001212876203159463e-01
2.045739221076946779e-01
1.987204946930675731e-01
1.996879319838092970e-01
2.017753224671662848e-01
2.010995296228987872e-01
1.979150918725257058e-01
1.975185000456792239e-01
1.951403171327741326e-01
2.010223488390135427e-01
1.997799179941260328e-01
1.963158165997204718e-01
1.969290888528339445e-01
1.939251810343121107e-01
1.960862550059488674e-01
1.949602333938237342e-01
1.970830734233216808e-01
1.929108248086024990e-01
1.942436844818293817e-01
1.929403404533707733e-01
1.946893750786936328e-01
1.953237379440106447e-01
