1.720691087687457044e+00
1.354632879292523295e+00
1.246487779970522514e+00
1.171351334788181209e+00
1.114674647649129380e+00
1.053860219452116054e+00
9.648041513849188178e-01
9.286662447011030386e-01
8.298126090124802179e-01
7.997191789415147856e-01
7.798787718128274982e-01
7.383442136192763794e-01
7.025985368975886658e-01
6.727571441829205412e-01
6.083126501987377033e-01
6.089179855667881114e-01
5.589353019219858165e-01
6.325869235037653304e-01
5.842697196371025026e-01
5.616293811011645598e-01
5.234330451867922340e-01
5.335396328389092613e-01
5.381854698489660915e-01
5.174846547245979256e-01
4.913575674859738673e-01
4.821609463370232218e-01
4.826371947009530095e-01
4.823050692394652006e-01
4.682160033789221631e-01
4.064739391046265915e-01
4.578200762640270982e-01
4.597639505820417805e-01
4.281659038129642103e-01
4.111024665733178374e-01
4.304457325736682494e-01
4.072940829116850625e-01
3.997153458927102387e-01
4.254967315338069045e-01
3.976725889282231585e-01
4.075714055347877673e-01
3.960373036727239948e-01
3.893626556533423266e-01
3.770511869370454794e-01
3.713334842252166146e-01
3.566361595273742080e-01
3.758313720176617023e-01
3.448772460850886845e-01
3.275485242095224070e-01
3.520954257304159118e-01
3.692507032362606911e-01
3.354596528152211099e-01
3.427926383645239494e-01
3.266500448803763001e-01
3.261903441800839687e-01
3.480922521253038693e-01
3.272446499233461759e-01
3.474251536770585069e-01
3.074364568256876540e-01
3.120737150339064625e-01
3.446779458735965695e-01
3.243438444360271511e-01
2.936969653246234158e-01
3.322123795987486639e-01
3.113165755064605800e-01
2.897075163324673852e-01
3.274240619320577528e-01
3.180189648494383126e-01
3.000044977810164548e-01
2.895042113844236153e-01
3.000515075359079797e-01
2.844072840334329610e-01
2.945764314652835059e-01
2.930123965938541408e-01
2.800712644315359601e-01
2.740265062866577006e-01
2.843229982221188723e-01
2.966839813006420523e-01
2.788493398303269477e-01
2.707526331987982759e-01
2.921469882482886637e-01
2.707494107260006722e-01
2.821979536928443388e-01
2.712179020704287846e-01
2.862019586168850216e-01
2.673190311539090369e-01
2.699646082748227705e-01
2.660381440677317966e-01
2.503148210566939480e-01
2.521621967125683983e-01
2.725593069564395399e-01
2.459986667272794081e-01
2.507281643815804650e-01
2.767730519806069767e-01
2.564066881463966663e-01
2.647814535248714241e-01
2.499179226998455017e-01
2.565043322531576075e-01
2.617087879259122341e-01
2.574774421278939185e-01
2.487571610462554206e-01
2.378662788817503537e-01
2.121090904983079228e-01
2.619349134069893226e-01
2.525356503259326146e-01
2.200630388961979933e-01
2.629320687779087562e-01
2.296145018956934347e-01
2.628423033987982160e-01
2.371850858543723406e-01
2.308056012060303586e-01
2.368205555925853023e-01
2.661447858041178227e-01
2.338532153437672956e-01
2.426301825367328246e-01
2.391992933690737233e-01
2.288662946111893748e-01
2.521172415630640873e-01
2.334642528467682221e-01
2.323236390906041338e-01
2.312879794772231268e-01
2.215128211636544775e-01
2.321610976149052485e-01
2.199935387047783908e-01
2.360798744128422277e-01
2.294519388380598657e-01
2.171239390356802801e-01
2.305734193180925262e-01
2.224167801270313105e-01
2.319723404471297212e-01
2.336993173079961461e-01
2.159586621681228169e-01
2.209570231225720938e-01
2.497392178632112381e-01
2.269803155765058311e-01
2.251334140956816054e-01
2.240598132814780874e-01
2.088111663251011607e-01
2.285848042099840050e-01
2.166036898031813429e-01
2.421219594654825669e-01
2.026789383104898867e-01
2.158502013815774279e-01
1.979764932043057146e-01
2.167789389519883536e-01
2.133849388334762287e-01
2.178439084933725955e-01
2.182825351655224289e-01
2.125760755812386993e-01
2.122944944877160067e-01
2.004364745004568460e-01
