1.681869954930411470e+00
1.488317527506086480e+00
1.500288563834296429e+00
1.336486370166142690e+00
1.169429434869024620e+00
1.011810332139333024e+00
1.828762850463390377e+00
1.084956991970539075e+00
1.117158244152863800e+00
1.058246555460824023e+00
1.051496236390537575e+00
9.433818085326087788e-01
1.177912612160046946e+00
8.093104583687251719e-01
9.150476792144278670e-01
8.608778616475560863e-01
1.033830444291234052e+00
1.062437463667657678e+00
4.905317286898692730e-01
1.334500995808177493e+00
8.862205836839146533e-01
1.009328399234347806e+00
7.923088513314724413e-01
7.590867920716604100e-01
6.272503500017855282e-01
7.895353474799129412e-01
1.021176632675859564e+00
8.093255777098239401e-01
1.080705939696894768e+00
6.700891127189000374e-01
4.199359479029145525e-01
1.018361987587478534e+00
8.364700062986877294e-01
9.069681407345665525e-01
7.793054072848624170e-01
6.127085078756014935e-01
8.464418993559149618e-01
8.923918348219659347e-01
8.461259170497456017e-01
6.071658852034145237e-01
8.681369809226857637e-01
8.765496158351501199e-01
7.501782528890503787e-01
7.825924091041089881e-01
4.936018818534083086e-01
8.504519589214275532e-01
8.551805047525299353e-01
8.406450492971474509e-01
4.698101930982536700e-01
7.995646638371465276e-01
7.615787142882537442e-01
7.734672130271792456e-01
7.050376608346899943e-01
7.743470531370904020e-01
4.921656301865975358e-01
9.018342555976577302e-01
4.861432676182853574e-01
4.414366751909256092e-01
8.882464591827657907e-01
6.748102508402532562e-01
6.578298482050498608e-01
4.823061157100730911e-01
5.243182718195021907e-01
3.660602842809425050e-01
5.138183938256568606e-01
9.867754876924056395e-01
5.223510898070202746e-01
4.236755450442434290e-01
5.634538279745416878e-01
4.745487744816475062e-01
6.299753263251235413e-01
6.088640355401568893e-01
4.943515715748071360e-01
5.383109042048453974e-01
8.155217837169764783e-01
4.705330935213714594e-01
7.508717505778703671e-01
6.539899973773086739e-01
8.667735214034715252e-01
5.581520772394207297e-01
3.957504069722361240e-01
6.587026553394065287e-01
4.223111163452267780e-01
7.855066021531820208e-01
5.898778585510121575e-01
6.004247200820180819e-01
3.637704545756180741e-01
5.374677572751209720e-01
4.658604690722293329e-01
4.905214338087373060e-01
7.145915957167745525e-01
4.444762805476784595e-01
6.831967735538879705e-01
4.586191325614021319e-01
4.868595635559823664e-01
5.969453115968240686e-01
3.872265567909926598e-01
6.816381429446241036e-01
3.074920605319655387e-01
3.159717391514115792e-01
3.423530633106000032e-01
5.974116814912606710e-01
4.268619065690371639e-01
5.357569873208800626e-01
5.199998288705117711e-01
4.188821750341190087e-01
5.403088954329077209e-01
4.534219925157311759e-01
4.408860492292377420e-01
5.096919590834941838e-01
3.794833268980599139e-01
6.503095140494405957e-01
3.092707112906242228e-01
5.613667419056096453e-01
5.354639584033025201e-01
6.312896273895685084e-01
4.676161901611421423e-01
5.989257463585171415e-01
4.739393160637053737e-01
3.709961996600031897e-01
6.649581577504674046e-01
2.987997802793203594e-01
5.326118352926439981e-01
4.160752906257079720e-01
5.974529644867612177e-01
5.214733976870775667e-01
3.194040247894978646e-01
6.146270152015819166e-01
3.391751845869132587e-01
5.153447030774420679e-01
4.535260319290682629e-01
5.218400117837720398e-01
5.489150861298871531e-01
4.034794792119000273e-01
3.108228804709183279e-01
3.979642408460172254e-01
5.250019320827494784e-01
4.326921105633179110e-01
4.597094690287485963e-01
2.459453835390093823e-01
2.730555221138314947e-01
5.182021311763673754e-01
4.302727460524895520e-01
3.089061286753146396e-01
4.286650460849826816e-01
7.772097962577310115e-01
4.726990546668982662e-01
4.895859077293426287e-01
4.775534892108084795e-01
3.117859337996277125e-01
