1.767373679214053528e+00
1.543320697678459918e+00
1.500409685903125290e+00
1.340930159754223361e+00
1.295127554337183629e+00
1.372059101661046387e+00
1.188734915521409530e+00
9.055614931715858518e-01
1.279402119782236058e+00
1.184092886481020290e+00
9.864821179376708216e-01
1.116866273118390041e+00
1.117372716665268051e+00
8.959613073700005703e-01
7.651138464609781309e-01
8.775985731681188451e-01
8.328429784874120667e-01
9.449787422352367017e-01
7.079778048520286582e-01
8.329487500256961274e-01
9.146501818961567665e-01
7.489643568835324672e-01
7.767982732566693915e-01
1.130012448827425686e+00
9.936985490057204107e-01
6.519010158876578087e-01
7.344676227619250097e-01
5.909090829019746360e-01
7.213611512641525669e-01
6.794399920768208201e-01
5.624623680363098899e-01
4.661428887148698630e-01
9.878653873999914126e-01
5.814990455408891590e-01
5.164823046988911148e-01
5.314289298984740118e-01
6.205319334401024900e-01
6.925503858758343956e-01
5.497528042561479200e-01
8.186551769160562708e-01
4.523301488823361360e-01
4.739911404614233215e-01
4.245958786250816352e-01
4.853196416132979918e-01
4.851223990900648819e-01
6.859856799907153579e-01
4.214368246744076285e-01
5.621141774548837899e-01
5.027422022902302556e-01
5.759676050725910379e-01
5.234687306545675600e-01
5.110020449592006520e-01
4.173349524822292933e-01
5.557339747736437241e-01
6.256617269085513744e-01
5.164254287112918229e-01
4.856812792726689088e-01
4.614096051661504272e-01
6.350154315887225343e-01
5.394204909271664850e-01
3.538128336498306270e-01
5.699289193087153649e-01
3.662466490558452525e-01
4.881774038479972933e-01
5.305549103601111538e-01
5.180674536981516587e-01
4.514643069439464584e-01
6.035771937378578977e-01
3.717285261137617813e-01
3.888380933449499532e-01
6.006690445956257562e-01
4.069962047557863505e-01
3.513708997559216174e-01
3.072686721187912751e-01
3.467548396976457559e-01
3.896078677558236225e-01
3.489573204103443294e-01
5.481965855198602799e-01
4.341545940645866741e-01
4.537551093308461181e-01
3.677673403132292740e-01
3.699641970244960110e-01
5.908847567666735134e-01
4.175743937657939719e-01
5.006177166104317511e-01
6.037124443964825282e-01
3.880397859184692155e-01
2.961318198384509381e-01
4.183190830465820520e-01
5.507472729538049894e-01
4.928942050670997999e-01
3.427585268129283991e-01
3.631341168512073336e-01
7.140619992920094194e-01
4.594342385294536979e-01
5.255443559069601367e-01
4.417159898206591828e-01
4.410380446703897617e-01
3.441931748654072365e-01
4.997727321993766236e-01
6.104656208472120094e-01
4.348636714513930412e-01
3.097150666918605522e-01
4.821015991632722764e-01
5.461116431653498804e-01
4.511610064738326153e-01
3.268401402545471623e-01
3.865663244078556549e-01
4.021667083890901884e-01
4.573242238370909263e-01
3.713828222942538448e-01
2.960632010621743193e-01
4.738755735868794838e-01
3.831356857261724036e-01
3.080648751546525288e-01
5.024589097520543168e-01
2.928240369384487174e-01
4.715288558933470320e-01
4.531403247018655489e-01
3.422016151808201512e-01
5.290299120980004322e-01
3.890466100556982942e-01
2.927009428447733819e-01
4.177830333987044287e-01
4.223979077902105250e-01
2.398271211122887381e-01
3.002853627275261506e-01
3.390856675886445570e-01
3.411178551495282485e-01
3.126628180034458637e-01
4.506953488652490347e-01
3.488719398662861737e-01
3.941360033908859473e-01
3.889835921633574833e-01
4.130661201321830234e-01
3.302069467779559231e-01
3.886698372568934690e-01
4.096682786719044733e-01
3.673457403284394185e-01
4.853048285360758163e-01
3.491936626306010871e-01
2.682198496887253092e-01
2.829248756131467202e-01
2.353686411394220190e-01
4.159024342470284408e-01
3.567876454416869514e-01
2.663248692959960806e-01
3.151955833637879456e-01
3.363022374615279864e-01
3.302826308267604594e-01
