1.743557219306627770e+00
1.398679362336794352e+00
1.257193465779225194e+00
1.211631914128860066e+00
1.145596604521075701e+00
1.085714044483999441e+00
1.001588744508723483e+00
9.406606191148361162e-01
8.420294943700232793e-01
7.763810808149477216e-01
8.186699432817597932e-01
7.708686485234647057e-01
6.808503244320551762e-01
7.292754410672932508e-01
6.373900724155828756e-01
6.062245618016459670e-01
6.324186865079293174e-01
6.473883418257658784e-01
6.292936340323649347e-01
6.191040026606060565e-01
6.100498315078827227e-01
5.422433051389331515e-01
5.308223577241490965e-01
5.496954090311192420e-01
5.057150233878443535e-01
5.082984702958492917e-01
5.246155061091606342e-01
5.263840665241392713e-01
4.654718336486258212e-01
4.978743904184860236e-01
4.703709556014897819e-01
4.497017236013198804e-01
5.491921644619044418e-01
5.016560010272466119e-01
4.344162774117042991e-01
4.774093758365294815e-01
4.453016393470655698e-01
4.486732943976918797e-01
3.947627403629788700e-01
4.290515587863047431e-01
4.874486742667309969e-01
4.720504572770247154e-01
4.045764576015062342e-01
3.875231989552655465e-01
4.248960295443733881e-01
4.411128275065371862e-01
4.330791750719072408e-01
3.645016602347216361e-01
3.845658188978753889e-01
3.887236766070903404e-01
3.779901110074327941e-01
4.497906872707729820e-01
3.611315223741501379e-01
3.723179213493131301e-01
3.708908975735539792e-01
4.038713372417260250e-01
3.561193955511164910e-01
3.971370800173220639e-01
3.671305152866989330e-01
3.369595021975692051e-01
3.467596959330451756e-01
3.181315359025029821e-01
3.293653534719487297e-01
3.715808521317860991e-01
3.565298003272618921e-01
3.432201605030180125e-01
3.573963674219945985e-01
3.456906077694535950e-01
3.362330162197273986e-01
2.861587390224061833e-01
2.991045439565399033e-01
3.201789582559528280e-01
2.976640912661484561e-01
2.916841698616432499e-01
3.320307396922725918e-01
2.981889446580316960e-01
3.153292574638908441e-01
3.137725008402291182e-01
3.098156226558300141e-01
2.702264996621912552e-01
2.735137576607910015e-01
2.672793627076316403e-01
3.021649982735592488e-01
3.055507806610937016e-01
3.040071695303777077e-01
2.908091139832201244e-01
3.079419204811953414e-01
2.821254769543884433e-01
2.535741270808891112e-01
3.119970416368839095e-01
3.082010552232774536e-01
3.114224591039237433e-01
3.252693121651342167e-01
2.701796141906136484e-01
3.087217511058163999e-01
2.582009914585311483e-01
2.699729580696051401e-01
2.725493254281657896e-01
2.561651232582516924e-01
2.635801607026951321e-01
2.763239366830869681e-01
2.512101667497578794e-01
2.975834884040523542e-01
2.574170903541380673e-01
3.030763113835321931e-01
2.408452787054314592e-01
2.573843092746878058e-01
2.705815063777844975e-01
2.269273513453663182e-01
2.267511756232124809e-01
2.402213960588172326e-01
2.392261838886042824e-01
2.505197873096040029e-01
2.476955299026060986e-01
2.744570246300039318e-01
2.240546152102373123e-01
2.641123762247540863e-01
2.161705611033054864e-01
2.675478630004605729e-01
2.446681995007869426e-01
2.169370698149820365e-01
2.304704183557381436e-01
2.690000502157878226e-01
2.246785480333103879e-01
2.650137754867439854e-01
2.105150212760781847e-01
2.520549927822624547e-01
2.114185218756028939e-01
2.539133189014683434e-01
1.952470583115549219e-01
2.291009179345565028e-01
2.139808680515367934e-01
2.652759643165821246e-01
2.490037126592748729e-01
2.354285181450541109e-01
1.883818141349669073e-01
1.930314678138043971e-01
2.561566751151501120e-01
2.450401619507465711e-01
2.254621554800542715e-01
2.333060259878402543e-01
2.136670894843216151e-01
2.213016627983112328e-01
2.313339496581465760e-01
2.331304511492877651e-01
2.319641488416042674e-01
2.223879020544700380e-01
2.447542293731627405e-01
1.925343609433426972e-01
1.924864134349627554e-01
