1.639719719092051164e+00
1.369601062403784875e+00
1.507734808524449743e+00
1.709130390485127604e+00
1.301418590346972382e+00
1.970064420898755442e+00
1.434924868444601653e+00
1.299635044733683298e+00
1.367670067499081155e+00
1.195269297659397267e+00
1.206072206695874671e+00
1.030706147998571298e+00
1.169307745645443486e+00
1.309181190381447646e+00
1.471362231969833401e+00
1.306540949443976141e+00
1.138374476047853578e+00
8.703145906825859868e-01
1.016443244976302118e+00
1.489469589563086727e+00
1.036201855211208223e+00
1.038483794778585434e+00
1.147668765454242568e+00
6.598376368979613771e-01
8.962691008578985707e-01
7.672685004336139425e-01
1.168558975309133441e+00
6.588712774713835207e-01
9.039711872301996465e-01
8.106602618098257551e-01
4.646177566268791526e-01
1.440775965683990245e+00
1.116979312620436371e+00
8.836878121683066079e-01
9.003098637859026088e-01
8.214514809350171864e-01
6.532752916961909184e-01
6.173918466828763885e-01
8.090785875036898833e-01
7.323470578182280644e-01
6.109397221108278098e-01
8.761365946258108384e-01
6.691214748099445497e-01
1.294033836672703330e+00
8.803263853242000447e-01
8.590851403027773836e-01
7.776354517290988699e-01
1.050261917114257759e+00
8.133178365064992477e-01
7.113134085138639318e-01
5.783738427360851642e-01
1.111092620839675194e+00
4.132337961842617036e-01
7.177641434393202680e-01
1.129419999751779757e+00
4.377294827749331207e-01
7.555061557888984591e-01
5.104553646578764425e-01
4.952187865457705063e-01
4.642215573252179150e-01
4.243593407981097743e-01
1.061932019401962579e+00
7.447445221928259418e-01
7.322733807315430221e-01
1.071309379494438607e+00
8.341651332467640012e-01
7.731071991473437155e-01
8.334560054724958755e-01
6.239607576586099214e-01
5.222432666019691805e-01
5.680498677678406105e-01
6.288457952439784338e-01
7.434652451177438115e-01
8.791331253262857359e-01
5.470907372484603570e-01
8.786637087600925877e-01
6.112546808520952224e-01
4.528654512576759106e-01
3.331534636186228582e-01
7.078167823244196910e-01
7.693757041947294484e-01
1.082378993549694579e+00
6.642194032565587047e-01
6.808446778263895771e-01
6.181971244327723047e-01
7.464432197126249502e-01
5.979293760781485556e-01
2.649491271997491681e-01
4.969363176100887181e-01
3.652130505225310575e-01
9.119595110913116809e-01
2.792071825630652593e-01
9.177900596211353568e-01
4.874084648686564658e-01
5.854184091122200950e-01
6.296664023138065502e-01
5.744996918986241541e-01
3.453649912171143921e-01
5.449937614488105098e-01
8.777189152823604568e-01
6.470017122973998891e-01
5.781267010544738350e-01
5.368994818676340319e-01
5.998278845287858818e-01
6.026730090158525233e-01
5.729333691527912498e-01
7.415759371456482896e-01
5.790907939585546726e-01
3.820183937468876190e-01
2.864916694133231578e-01
6.595927715425690119e-01
6.230572397386033856e-01
3.623288408775503511e-01
2.700871882933036927e-01
7.286036153137683824e-01
3.630024072760716369e-01
4.715310981221652042e-01
5.387048475203725095e-01
7.185983926383777698e-01
4.207957195894172497e-01
5.640593938420838116e-01
4.154753417770067903e-01
3.990986576459060187e-01
4.651385252849044027e-01
3.162374092017610772e-01
4.041715854344268277e-01
4.955459104276572768e-01
5.301645909063518181e-01
3.176521402411163209e-01
7.958417654848503053e-01
3.156388781832841772e-01
4.983176654825607343e-01
5.136445378682885643e-01
3.765013925431413000e-01
4.811205713631999115e-01
2.910045976998905659e-01
6.686759239349824302e-01
4.921250243236620636e-01
5.694749871517220674e-01
5.000983170671193800e-01
4.548703447294732416e-01
3.763675888503590916e-01
3.944785765248040588e-01
3.893297984734332973e-01
5.199490548654769340e-01
3.711782170211276322e-01
3.556741570546809728e-01
4.308109227707609401e-01
3.067089897332091475e-01
3.649569898366462062e-01
