1.618063592910766513e+00
1.592181183099746766e+00
2.103514707883198831e+00
1.655567882061004470e+00
1.867263104120890471e+00
1.954058779875437413e+00
2.225852181911468275e+00
1.920088463624318509e+00
2.256416014035543149e+00
1.551423941850662125e+00
2.111354518731435093e+00
1.666843033234278737e+00
2.733309582471847410e+00
2.576764985720315870e+00
2.047420493761698435e+00
2.010104918479919345e+00
1.441725514729817803e+00
1.549673569599787415e+00
1.429429763654867624e+00
1.825412431557972948e+00
1.631444409688313613e+00
1.797686959902445647e+00
2.400525274674097709e+00
1.769992980162302887e+00
1.740378278891245856e+00
9.469217948118846540e-01
2.309853967030842892e+00
1.864092867374419926e+00
1.932503305276234595e+00
1.165467041730880782e+00
1.727071056962013129e+00
2.381208936770756956e+00
1.054956047733624613e+00
1.914428655306498417e+00
1.189147734244664578e+00
1.072099226216475243e+00
1.247347990473111512e+00
1.963836677074432657e+00
1.283300834099451837e+00
1.816103262106577132e+00
1.292336945931116698e+00
1.593366736173629672e+00
1.157485254009564590e+00
1.347139719923337253e+00
1.366387364268302651e+00
2.578676826159159496e+00
1.318626365661621058e+00
9.629661881923674560e-01
1.167641537785530037e+00
1.994705356359481652e+00
2.146155565182367830e+00
1.168135019143422548e+00
1.802459696531296007e+00
1.896860690116882298e+00
1.304507712125778429e+00
1.004948610266049647e+00
1.721667976776758646e+00
1.349598747690518907e+00
1.858860560655593686e+00
1.250904692212740477e+00
1.285248215993245680e+00
1.316722157398859894e+00
1.438308561245600359e+00
1.723458184798558834e+00
1.161309545834859236e+00
1.050006189346313290e+00
1.154188795189062811e+00
1.547779048681259040e+00
2.241196084817250522e+00
1.803848445415496826e+00
1.122319693565368537e+00
9.452801462014516209e-01
7.337563415368398845e-01
2.304566032886505411e+00
9.803788782159488235e-01
1.388584231932958435e+00
1.717270375887552714e+00
1.079396707614262763e+00
1.355820145507653507e+00
1.537925508022308208e+00
1.113763098480800684e+00
8.427490141242742760e-01
1.394157822529474844e+00
9.202662612994509939e-01
1.206789528926213384e+00
8.257281886041164531e-01
1.022225491007169085e+00
1.780879895140727198e+00
1.479038094580173546e+00
1.538587696750958855e+00
2.212807137171427296e+00
1.200637468993663859e+00
6.355982549985250696e-01
1.958918818235397152e+00
7.376918424169222055e-01
1.640970890522002845e+00
1.452169076899687550e+00
4.851004305481910750e-01
1.041146743098894545e+00
1.292898395458857097e+00
1.851585858265558882e+00
1.195030162731806289e+00
1.027482286294301383e+00
1.479419057766596435e+00
1.427733447551727153e+00
1.773068216641744188e+00
1.488181665142376930e+00
7.644288087884584248e-01
1.401447798510392584e+00
1.303896105289459317e+00
1.028338965773582414e+00
2.203919172684352112e+00
1.210901865760485308e+00
5.685121447344620993e-01
7.074239773551622701e-01
6.363318192958832276e-01
2.907456769694884535e+00
9.052460727693203424e-01
3.573658093462387164e+00
1.157937048077583242e+00
1.331715071698029940e+00
1.456153806845347010e+00
9.583470640579859756e-01
6.304888317982355606e-01
1.709965633551279840e+00
6.121850758790969849e-01
5.642147881289323319e-01
3.201245658397675165e+00
1.101390404303868475e+00
1.677759172916412522e+00
7.699490630626678600e-01
8.421129088848828825e-01
1.796619143784046191e+00
1.293480807691812284e+00
1.048106532593568119e+00
8.976607417066893024e-01
8.957012343406676180e-01
1.604091137746970208e+00
1.080665728251139379e+00
1.559100121259689109e+00
1.237511021693547875e+00
1.082151706516742751e+00
2.256912512679894345e+00
5.136001741886139227e-01
1.408247021734714277e+00
1.345813319683075049e+00
8.450702754656473914e-01
8.847641966740290576e-01
9.432198773821195426e-01
7.540230153997740103e-01
