1.608372143374549257e+00
1.497321397595935188e+00
1.523406900962193777e+00
1.447339418729146399e+00
1.257496582070986246e+00
1.534212424490186688e+00
1.519306962192058519e+00
1.396331168512503496e+00
1.184097118046548713e+00
1.459450745648807723e+00
1.308062970240910783e+00
1.240925662741064972e+00
9.828321877660023409e-01
9.593456318167348229e-01
1.389962733561793673e+00
9.432712783416112856e-01
1.237539178795284744e+00
8.348706362975967243e-01
8.206147718677918590e-01
1.107819454434017192e+00
8.119411623809072998e-01
6.705332477163110649e-01
1.136299379343787885e+00
8.674459404394859741e-01
7.698893470503389569e-01
7.214781604107053381e-01
9.343649900456270085e-01
6.346267865556809440e-01
8.644878471559949151e-01
8.497085656391248909e-01
7.479209608460466452e-01
5.889216867585976845e-01
5.054902527398533740e-01
1.054160734365383600e+00
1.003447385215097132e+00
7.517753168112701889e-01
8.579742252536946001e-01
5.353011927732991282e-01
9.781272854407628836e-01
8.532071525024044201e-01
1.017730490714311653e+00
5.485967351723876062e-01
7.530832219356671242e-01
7.045663831010461342e-01
8.959830365842208488e-01
6.619631931599643249e-01
8.336276743022932312e-01
7.195561614094507785e-01
6.748073309659957664e-01
7.743880776895417650e-01
8.042908118872180712e-01
9.471224034329255304e-01
9.290475544085105009e-01
6.196683594004974704e-01
6.911280179147920588e-01
5.608552322950627333e-01
9.118213240905767014e-01
6.932997485633112245e-01
7.034816858151720087e-01
8.786412916808492568e-01
5.206862664451666900e-01
8.124842616957096419e-01
6.486378922975725159e-01
5.604414849645561469e-01
4.261840985047941066e-01
8.878324853960009033e-01
5.819545117972626525e-01
7.275740346167649530e-01
4.861810413334105019e-01
4.125026301739530554e-01
4.980718556325882673e-01
6.634817158637774659e-01
6.285458847042173502e-01
6.836064323451784830e-01
5.548759731898705860e-01
5.135976221805644837e-01
5.844158026079337986e-01
4.224555133924716155e-01
6.649127687058514757e-01
6.266567766542235907e-01
6.149224177541003922e-01
5.647446034827994232e-01
4.242869680222227657e-01
6.439075134280655144e-01
5.658986730565731538e-01
5.087256491101450617e-01
5.789591870833343812e-01
4.547232794933693256e-01
7.930644938122066723e-01
4.670296809573968311e-01
5.527028213834597192e-01
8.538553592397105652e-01
5.346380703979067839e-01
5.155198500346805934e-01
5.413657509990864591e-01
3.496297538363271062e-01
4.071049324857691221e-01
6.280902242412170766e-01
5.216394508940478403e-01
3.846383123886253919e-01
5.082496183800200296e-01
5.133798215196778703e-01
5.610619978547847220e-01
4.791961650767674330e-01
6.557162984212239198e-01
5.003779724654224825e-01
4.162579059455957520e-01
4.929811784397396535e-01
4.781615320800080005e-01
4.092452832766705351e-01
5.011209940724075107e-01
4.450525075300699740e-01
3.960805913692133640e-01
3.293788721389137031e-01
4.492025159909907583e-01
6.134482894103145956e-01
3.924984604389303300e-01
4.917930592442603666e-01
5.611845145043400374e-01
6.980506808683275555e-01
4.424356789141893342e-01
2.683246255003743364e-01
3.434770631841901345e-01
4.808728797568215252e-01
6.059626317148406605e-01
3.116163045400753839e-01
6.032734377076849341e-01
4.124272417525450818e-01
6.112947002399919949e-01
4.983921654687987202e-01
5.629454153610600198e-01
2.487563633877370450e-01
2.474431143043976378e-01
6.870152273049786595e-01
2.352033463974173011e-01
5.898323582427110745e-01
5.768631010678493265e-01
3.767776448300315661e-01
3.815749814764907155e-01
3.295904964074078403e-01
6.416551076403509413e-01
4.682046201413808117e-01
3.309379853277156780e-01
4.705989629868418400e-01
2.528053917197717326e-01
4.792430700030591018e-01
5.077678817117380339e-01
2.696006274937341463e-01
2.977823826530948126e-01
2.937249043801178905e-01
