1.712925708691278803e+00
1.610219701131185177e+00
1.774750687281290595e+00
1.493440612554550295e+00
1.848090453545252698e+00
1.290251347124576453e+00
1.698358632524808343e+00
1.060453235954046169e+00
1.394546367476383608e+00
1.154517813920974634e+00
8.630716952433188371e-01
1.326283973356088053e+00
8.415887583543856243e-01
1.043352396811048077e+00
1.432178431948025965e+00
9.275803139805794961e-01
1.254800292750199775e+00
1.440973923504352605e+00
9.046938241707781492e-01
1.195378616948922446e+00
8.116436053067446199e-01
1.332669749557971794e+00
8.242230083917576611e-01
1.103100579610715615e+00
9.319062737903246463e-01
8.842958666663616185e-01
1.560104752629995151e+00
7.226320982910692248e-01
9.581580210290848720e-01
1.710828803579012458e+00
8.867568313330412844e-01
9.087958336404213799e-01
9.792994482318559957e-01
9.755864699681598973e-01
6.574364876747131881e-01
1.042522912124792978e+00
1.162597226457049437e+00
7.929142620166143018e-01
1.233530560235182483e+00
8.543260482947031553e-01
1.145373467504978260e+00
1.034053969706098197e+00
1.409821722408135525e+00
7.120149998925626722e-01
9.622072486144801484e-01
9.956340108377237375e-01
1.057584236438075642e+00
5.577752350767454237e-01
7.539340800543626875e-01
8.719819932430983300e-01
6.272832307716209588e-01
5.739634787042935393e-01
7.369522669911384716e-01
1.088615791201591465e+00
6.704659842451412555e-01
6.107514018689592650e-01
7.667969138175250166e-01
5.675723687311013954e-01
7.447102134798964101e-01
7.536460465472191173e-01
9.132105920525889209e-01
9.270993538325031924e-01
8.672215200463930795e-01
5.512509591380755358e-01
7.039863432571291657e-01
3.853122742101550147e-01
7.158837470412253712e-01
8.343385913098853024e-01
6.076687090781827116e-01
8.273374349406610317e-01
5.838678641368943989e-01
8.264212362964948877e-01
7.680298666159312004e-01
5.122927046194672984e-01
1.060615950071563507e+00
5.485621282272040711e-01
6.099180944263935533e-01
6.161925653616586729e-01
6.674913485844931049e-01
4.563432561668256393e-01
6.189638585969805540e-01
6.635952258855104535e-01
4.625517448301737500e-01
7.533867078398663875e-01
5.115051698436339223e-01
5.481840116903186066e-01
4.833774641109631065e-01
5.631089844896148833e-01
8.682537910559524619e-01
5.472929918455580189e-01
6.480653623864055524e-01
5.645308537470797861e-01
8.821394036244601944e-01
5.698558356085170473e-01
6.476064900929729973e-01
5.591510898495715143e-01
8.297337422395744122e-01
6.685464312079906213e-01
6.740010966081171340e-01
5.059081620226303366e-01
1.123056624953945537e+00
4.939724130183458795e-01
3.512648315355181294e-01
7.562014662039777679e-01
5.857406461300949108e-01
6.580907886599500767e-01
8.669038845909138313e-01
7.491617971162002343e-01
4.390402717019120660e-01
6.715033008654911484e-01
5.645699887971082909e-01
4.066605716462557973e-01
5.277139360581835081e-01
8.868536557132997711e-01
6.635419872263447205e-01
5.929628455018003397e-01
9.302321855413419049e-01
9.465975549281575585e-01
7.097654438546547873e-01
6.822029068072636981e-01
3.287051190536779410e-01
7.146717484419543576e-01
4.238322566077113995e-01
2.867010253760963745e-01
9.023558927575748845e-01
7.605455271651347937e-01
5.680823919922113330e-01
5.849581760478516079e-01
5.204172154515981363e-01
4.687290740789224475e-01
3.923920947623749100e-01
4.906223948734502183e-01
4.087760689416124471e-01
4.852065111285385757e-01
7.264663161523639001e-01
5.707922320440411701e-01
2.722556719804803405e-01
6.331396024301647607e-01
4.548485940011838258e-01
5.577895649708807246e-01
3.390785664676999045e-01
3.972391689235034162e-01
7.594220040986934261e-01
4.649905206169931970e-01
8.283703992655500059e-01
4.249247161345556245e-01
5.863675364231069054e-01
9.500722402830920066e-01
3.790121139151354512e-01
6.146323974151164382e-01
