1.647352988719940070e+00
1.786010485092798916e+00
1.652272383371989006e+00
1.882580894231796309e+00
1.436215857068697588e+00
1.852032801111539229e+00
1.472030932207902376e+00
1.316341173524657959e+00
1.369927385300397926e+00
1.155502662211656650e+00
1.842844394644101325e+00
1.320659093558787855e+00
1.182723354101181013e+00
1.322478340566158206e+00
1.674785743293662588e+00
9.426162634603677537e-01
1.939127826690673739e+00
1.418794565927237183e+00
1.235500982229908340e+00
1.257545042932033841e+00
1.520316567830741317e+00
9.356323891133069282e-01
1.231613486874848507e+00
1.372429889018337068e+00
9.325322211782138826e-01
1.177420203538301235e+00
9.350509661032507802e-01
6.555058721452950987e-01
1.046647265772335134e+00
1.253619837959607297e+00
8.418872209265828577e-01
1.214833699762821073e+00
8.902184893346081207e-01
1.003402734994888190e+00
1.269828782677650425e+00
6.277448490960524374e-01
4.873484269405404246e-01
1.372049328386783618e+00
1.068511334583163386e+00
8.198842730373143706e-01
4.369943620078265423e-01
1.052993115562324888e+00
1.213613916238148960e+00
7.995413721601168922e-01
1.031975903022102958e+00
1.065756148008319304e+00
7.253842489669720672e-01
8.788162837425866902e-01
6.942406345748652896e-01
8.544980191439389694e-01
7.193573160089241636e-01
8.940691545854013711e-01
9.326148468504349420e-01
6.498571844647328399e-01
7.014841566607356027e-01
9.316335550881922334e-01
9.515292694543797669e-01
9.238312369740256935e-01
9.722930287321407405e-01
9.806037442137798266e-01
6.997318150103091217e-01
6.089605225808918387e-01
9.912158275271456542e-01
7.300435287908961790e-01
7.709689421703418422e-01
7.913201771304010368e-01
7.753600648790598404e-01
4.913617092681429321e-01
5.832514762505888184e-01
9.853790696958700801e-01
8.434497633079687251e-01
4.477067655635377230e-01
8.281504016617933228e-01
8.111553949924807938e-01
7.108551795128732476e-01
7.355505897694577522e-01
4.813713586345936268e-01
6.794198682345449214e-01
9.188117117217430296e-01
1.110518510444089779e+00
4.662271788716317866e-01
7.977067468067009504e-01
5.277195996604860939e-01
5.111083346664477833e-01
7.643646873312536227e-01
3.708536449509362010e-01
6.475499087044348512e-01
7.641655969123046788e-01
8.401587451683978358e-01
5.961901902283230914e-01
6.258421952401598265e-01
6.492308403819333495e-01
6.498515193412701674e-01
2.836478721924747259e-01
6.100820114463567645e-01
3.826954344970484589e-01
7.013768123652941444e-01
7.180393985162178971e-01
5.769586139979461237e-01
7.176763952585558659e-01
7.996732738738259183e-01
6.092149162602922274e-01
6.140812316909433077e-01
8.854437783391526651e-01
8.285895609396538575e-01
5.483823093377091507e-01
8.332641794470448948e-01
8.784398779086768361e-01
6.935441776993684915e-01
5.082744224121172882e-01
5.578494623738030622e-01
7.608928015533213962e-01
4.972180278824331334e-01
7.479528689694900923e-01
8.643623711230853379e-01
5.773068472347222535e-01
5.214683473606904762e-01
5.185581321517627185e-01
6.197257918119430942e-01
6.853954922695023599e-01
6.113636782237639178e-01
5.710646284992496602e-01
6.954233702986190035e-01
7.123521222174168388e-01
4.609369452988417715e-01
3.618266914164026682e-01
4.290835920643682466e-01
8.911432677786799150e-01
5.619649036352832860e-01
4.295036075512568274e-01
4.558596137786904978e-01
3.434038527697945709e-01
5.064003949689988016e-01
4.710442414544134815e-01
3.471152839460410200e-01
3.791634815900276623e-01
6.906627251533790091e-01
6.089861756553485161e-01
4.484436128160450563e-01
5.482904816977679507e-01
3.896302986618441766e-01
6.775220981973991696e-01
4.610010413563577214e-01
4.300332431122660393e-01
4.273709307999039586e-01
4.330218522762880329e-01
5.745116424564427060e-01
2.086482611754520988e-01
9.531235463048020051e-01
5.134164712213290516e-01
