1.759800695313347374e+00
1.434966981940799302e+00
1.542794015937381191e+00
1.476121439933776758e+00
1.360841055181291281e+00
1.526680185265011591e+00
1.095460467073652522e+00
1.256812199875712244e+00
1.047372645967536542e+00
1.135430913964907251e+00
1.153759098251660786e+00
1.010406825277540444e+00
8.416765527261628188e-01
8.083050663106969846e-01
8.021249289645089320e-01
1.136311964119474105e+00
6.265374364703893972e-01
1.124477109946310449e+00
1.148199911970231302e+00
6.812195171581374442e-01
8.414196396743257589e-01
5.984544613874620556e-01
9.237756297406223283e-01
7.438905964357156453e-01
8.085291870217770072e-01
6.083045931532978789e-01
6.120632758633129944e-01
6.314775245098603884e-01
6.744680520374742860e-01
5.972782699846559407e-01
8.344862273004318709e-01
6.715999746819337757e-01
1.069868539681451347e+00
5.082025314826104090e-01
7.414523436791367050e-01
6.206279600266781937e-01
8.139028253406286328e-01
7.519503865929114683e-01
7.256815535492368019e-01
8.912725717822711502e-01
7.620888034647537168e-01
8.240551280044018378e-01
5.786005496026740413e-01
6.719190580780722843e-01
6.683874312301890663e-01
6.843484754881097309e-01
8.615061986943086669e-01
6.479001341004752001e-01
6.499115908973747135e-01
5.624522841307851850e-01
8.269567740253276344e-01
7.791020507779387039e-01
6.502821262015237025e-01
6.022349554072652378e-01
5.816245494301741648e-01
5.447404969095562821e-01
9.300978283501333266e-01
7.361118482446504796e-01
4.759720434112629794e-01
5.981823337993895651e-01
8.237186117687571585e-01
5.730616000812086552e-01
8.217609120905399189e-01
6.709688937105239281e-01
9.990176485271916595e-01
6.245174807392888106e-01
6.837964046249787042e-01
4.279059871829424821e-01
6.866245676785345253e-01
4.387683861454328427e-01
4.719257744836310442e-01
5.736477850048362637e-01
3.438262498629692798e-01
8.391780867944989009e-01
7.295085562848383498e-01
7.685694688672406460e-01
5.568674198760547034e-01
5.010813591220519836e-01
1.011685441246566786e+00
8.337547509682675662e-01
7.664405122399330361e-01
6.088675440351167811e-01
3.316596873177008464e-01
7.895704633240692161e-01
7.839480151013573650e-01
5.369815349280058214e-01
4.982973944809702127e-01
5.294936892431643116e-01
3.366848654848420552e-01
5.723187506333407004e-01
4.980765148741192472e-01
6.107046991483204845e-01
8.962995777196354208e-01
6.703308655502688840e-01
7.871873238082561786e-01
5.936313935534821562e-01
5.217945707961917368e-01
5.864332475057906224e-01
4.854017393808398029e-01
6.093102635287991342e-01
4.363396947758479416e-01
6.761592526609698783e-01
5.208825474811924483e-01
4.364552943522317929e-01
4.655499738040897451e-01
4.339962398152177880e-01
5.461786832339647901e-01
4.910252773572897356e-01
5.191694761129717062e-01
3.588691204558643877e-01
5.622484898919031249e-01
3.219128299985701824e-01
5.021889631998621706e-01
3.773823573675731402e-01
4.907655034421218865e-01
5.124357077334489308e-01
3.698078863933268456e-01
4.915857021184638631e-01
3.956190845370293196e-01
5.801416072197672635e-01
5.013219374687307717e-01
2.736264689903085690e-01
5.695597105328407128e-01
4.461856815068879212e-01
3.856718313885438287e-01
4.272365658906184249e-01
7.303168245632616351e-01
3.347847395918021607e-01
3.871461042389273688e-01
4.641521127061504215e-01
3.210816948188262021e-01
2.738325527082715038e-01
5.239331694120645810e-01
3.125952911014772129e-01
6.466431117927033956e-01
4.608644823916255850e-01
4.589961485957932963e-01
2.648528837759254739e-01
4.219759696639246438e-01
4.661309286186264833e-01
2.941656888379818868e-01
4.025594809566003240e-01
3.475343425117898843e-01
4.719245935914416767e-01
4.783489037949281153e-01
4.330133465372233426e-01
4.143760785330474761e-01
4.060856065123031877e-01
3.624354164053996685e-01
2.446615083610069463e-01
