1.760397841135660668e+00
1.645214326779047553e+00
1.771757917404174876e+00
1.754858708977699466e+00
1.788159409165382296e+00
1.456223893761634969e+00
1.600859316388766107e+00
1.772280629078547110e+00
1.263227743903795997e+00
1.853859856724739075e+00
1.030380569820602776e+00
1.533448084990183480e+00
1.193475463042656504e+00
1.690258275816837852e+00
1.004610269640882958e+00
1.335204567288359012e+00
1.104402645838757469e+00
1.178917805030942123e+00
1.334891109069188397e+00
1.002647726697226238e+00
1.388696008721987507e+00
1.153504950553178698e+00
9.852129786461591987e-01
1.484543073872725216e+00
8.546742035076022592e-01
8.720553887387116898e-01
7.987972250208258407e-01
1.239143019939462409e+00
8.266913500552375282e-01
7.293767523765563032e-01
1.100425418013086132e+00
1.009343673108766382e+00
9.417368207375208522e-01
1.289423092653354086e+00
1.197587600921591333e+00
9.324468857546648337e-01
1.091185254926482884e+00
1.028588038211067479e+00
9.397690365711849347e-01
1.083777321477731093e+00
8.720843896533672090e-01
6.313257349034149257e-01
1.031300125891963626e+00
8.295753598089019576e-01
1.026722548604011465e+00
8.094600645328562383e-01
7.740942166062693142e-01
7.782966894408065439e-01
8.924639114240806581e-01
8.638639013841746817e-01
1.185113056128223707e+00
6.414369112687806629e-01
1.190227271181841795e+00
1.142128553763031906e+00
1.237513687995572820e+00
1.090318543054163536e+00
7.764195053962369419e-01
8.998116261760393808e-01
6.110670201961572179e-01
9.728257436305284278e-01
8.033620249247178657e-01
1.196336311697959953e+00
7.312655545802166923e-01
9.957565173568824202e-01
7.849029665673151746e-01
7.036111470373968002e-01
9.612312422941128309e-01
8.618071150593458185e-01
8.497615279008945421e-01
9.327884629120429816e-01
7.528092140766482476e-01
6.080854965482528351e-01
5.773332888601968582e-01
9.432152657808424712e-01
1.027309600512186893e+00
4.967834165071448038e-01
7.256275414427120207e-01
7.798628076445310864e-01
7.991277357353828714e-01
9.177316501736640930e-01
6.775699584155032706e-01
8.367821781585613738e-01
1.015460375845432139e+00
1.114206702373921942e+00
7.125525782660890872e-01
7.373784594113628188e-01
5.147801668321092539e-01
6.847150761533218333e-01
1.324387558003266685e+00
5.084934040221075202e-01
6.595046780654229002e-01
7.367832550903161692e-01
6.849967141170055784e-01
8.334601907680433408e-01
7.934845177425693397e-01
3.460989628658474593e-01
1.174185556198159786e+00
8.533802060534556588e-01
4.059961973208313646e-01
1.046210446407397798e+00
8.279476308325927070e-01
6.177271048445254209e-01
6.234283464976274614e-01
7.263489794870838789e-01
8.236670546482006694e-01
5.672025163751095445e-01
8.024373986168453765e-01
4.602482517934792239e-01
5.935778080237409382e-01
5.829151926049962462e-01
1.142933509002129089e+00
4.332391156939168764e-01
9.208824233924193248e-01
6.804969307531913980e-01
8.390257713229705150e-01
5.907292925318082810e-01
5.714568429859354648e-01
8.154360020203361703e-01
9.044054815669854142e-01
5.083463481099654846e-01
1.332504255808889537e+00
5.912412868230603191e-01
5.422138239730459608e-01
6.608350219106069456e-01
1.106405096817761669e+00
7.395649629458784791e-01
8.583498033322394249e-01
4.823789181808629811e-01
5.446896113173957943e-01
1.019120125336727689e+00
6.531750443435158093e-01
5.351428825532396072e-01
6.891457629684980546e-01
5.300386039821508577e-01
1.136810311003743301e+00
6.246948439379533813e-01
1.019324687789970429e+00
4.865644414094276726e-01
5.652917467403070217e-01
6.427611815184354205e-01
5.440964039205573588e-01
6.555572009358244800e-01
1.027052703276276402e+00
7.363371362785499086e-01
7.159400480551023627e-01
5.692071118826668163e-01
4.555308075807988355e-01
4.639980122540145469e-01
2.645687752636149415e-01
6.775299366509232035e-01
