1.711832975347836738e+00
1.574535955852932378e+00
1.446972261733479259e+00
1.465297341426213373e+00
1.357554206715689604e+00
1.368287942541970281e+00
1.253040484223100659e+00
1.187386648880111029e+00
1.131366028487682529e+00
1.245306062150332682e+00
9.998372938897874818e-01
8.830987756450972004e-01
1.183904199037286942e+00
8.662483114252486072e-01
8.540372464524373930e-01
1.113045208296842059e+00
9.143783712821702547e-01
1.062005753086672888e+00
9.813600642192694679e-01
9.642570432689454574e-01
7.298039737488660750e-01
6.795446539877189052e-01
8.924734820922214373e-01
5.392401804950915922e-01
8.828946427835357991e-01
6.352108879369269268e-01
8.147656420701079316e-01
5.810272222162329303e-01
7.356816286510891034e-01
7.577805159779058553e-01
5.017475524689588573e-01
9.084723751909203893e-01
7.902584276845058264e-01
5.016047942225768663e-01
8.237994923359817090e-01
4.995367880413930095e-01
7.671442558078302998e-01
7.622121123203801085e-01
4.261691181910120529e-01
6.801598436530265079e-01
5.132454556466028439e-01
6.722949736174713697e-01
8.539669579267501476e-01
6.532331847182164530e-01
4.184222843579223361e-01
9.124539750566084129e-01
8.164634026152391977e-01
3.934804969498267302e-01
6.947446342112703066e-01
4.174078405979605999e-01
3.815368274599314491e-01
5.590512398464811961e-01
6.725100791537098610e-01
4.848402330999572740e-01
4.884662939276959714e-01
6.252810714745687948e-01
5.332605398115184414e-01
6.548143921989120209e-01
5.366382251038319673e-01
6.530145718721259707e-01
5.032527844126647443e-01
5.315697631260587475e-01
3.813055461044941308e-01
6.312903501258956274e-01
5.584608427137653930e-01
5.108396676731191688e-01
4.268346766779819168e-01
4.778745061655838566e-01
5.113644407203212783e-01
2.677895592545003756e-01
4.592900309877262499e-01
5.530820852300772916e-01
5.727960191510566013e-01
4.284604792669415296e-01
3.751956661556484773e-01
4.316394751998854917e-01
1.033008646865944291e+00
5.367287150330632972e-01
4.454320294823911341e-01
8.581739443840664672e-01
6.260579410692056479e-01
5.667080684213174901e-01
6.157835515474694432e-01
6.034809908511429288e-01
4.455582733995591127e-01
8.247975980133437357e-01
6.553703761514689807e-01
7.948368927008575557e-01
4.148975905072357362e-01
4.661007298063487569e-01
4.640894957559390521e-01
5.595102615199155638e-01
5.648764509076459328e-01
3.043267986387428459e-01
8.845934799898207412e-01
4.360477593592885226e-01
3.629086594353429507e-01
4.528700893641345315e-01
4.963582518929615661e-01
3.361637962262870039e-01
4.868906607349506865e-01
5.127399006307434837e-01
2.364582293884208153e-01
4.045601943836339975e-01
3.419362436056447296e-01
3.990216954321496590e-01
2.810270921205584860e-01
4.182007733194364474e-01
2.641897613280970170e-01
5.417316312297351111e-01
6.462411066594844211e-01
3.027132130036543911e-01
5.699190487246960091e-01
3.400480638780734033e-01
3.515799821165597194e-01
2.675171462120488064e-01
3.466812993325293357e-01
3.042257237856069718e-01
4.951772574242204183e-01
5.793747425203521484e-01
4.105837087816972542e-01
6.171676660334277642e-01
4.431752374956461904e-01
5.336071182673589597e-01
4.126027448646104046e-01
5.953093376383185031e-01
3.444438379470051714e-01
3.937971537537458544e-01
3.744991838166283893e-01
4.487116583033154416e-01
5.494878145972164063e-01
6.403655763917291965e-01
3.859712944319471650e-01
2.518014352033949299e-01
6.172840943402195801e-01
3.003288406102607722e-01
2.797893584744694517e-01
4.044417973871652916e-01
2.998829275907741732e-01
3.924394387974300402e-01
4.162645196955030436e-01
4.308885863269420469e-01
3.208187271295012133e-01
3.165170433739613598e-01
2.907976612091038304e-01
5.740405843274978270e-01
2.722831346631670590e-01
3.728291469452799101e-01
4.998822741909599299e-01
2.900387672725547317e-01
