1.786096091588338153e+00
1.380510389248529979e+00
1.250289486010869311e+00
1.161188778003056976e+00
1.081805332779884221e+00
9.856650751233100305e-01
9.137557788093884081e-01
8.510821720858414707e-01
7.942702233443655890e-01
7.525152848834791852e-01
7.128046993563573741e-01
6.773714281991123354e-01
6.542429047897456718e-01
6.333526087049395903e-01
6.182822877690196117e-01
6.002465283622344661e-01
5.813534048652897468e-01
5.675884392832716285e-01
5.534828673352797379e-01
5.443655164663991908e-01
5.341663780808448836e-01
5.193145248101403988e-01
5.118512578544517355e-01
4.963179668402298850e-01
4.919184169434011045e-01
4.846650591085975290e-01
4.839034418923159886e-01
4.674910375471227342e-01
4.566339541875447661e-01
4.572819317684819751e-01
4.451241060423974938e-01
4.432031407253816946e-01
4.316735334681968128e-01
4.258291926858946974e-01
4.226857105518380675e-01
4.147592922601227583e-01
4.092792883513805546e-01
4.025929500277465323e-01
4.018044935730286094e-01
3.934841154874302305e-01
3.879862628121240054e-01
3.813165016056348500e-01
3.783337761556418988e-01
3.717833435607608150e-01
3.703535158972566244e-01
3.690705938539468045e-01
3.601350271835302430e-01
3.569552074402260189e-01
3.542374544455669794e-01
3.465339524843730201e-01
3.452375069751093539e-01
3.363528844436319831e-01
3.376129202560211873e-01
3.316877197045056680e-01
3.327642995907614809e-01
3.287160425052667589e-01
3.267941071439223744e-01
3.208394735092297556e-01
3.112740639038383827e-01
3.121793007433104061e-01
3.132715738428911711e-01
3.089959364784881091e-01
3.087761566278835468e-01
3.050556398717841899e-01
3.034118166672997163e-01
3.015125160782287095e-01
2.979576473934575920e-01
2.944114622843140849e-01
2.922724553911636436e-01
2.935880027920162449e-01
2.876576090781018391e-01
2.835955702431189329e-01
2.877159101866806346e-01
2.809496237509108707e-01
2.785970753245056164e-01
2.829124240685875202e-01
2.724356865695057306e-01
2.764951457272594171e-01
2.737343798194390998e-01
2.706904559425699075e-01
2.713085185320038284e-01
2.672902470958651300e-01
2.667004794813692681e-01
2.659124061276670892e-01
2.564318009451574953e-01
2.611137023979487326e-01
2.590845553247490551e-01
2.562903737050946651e-01
2.580366322742775331e-01
2.517875094014064841e-01
2.534853055430575930e-01
2.515400092207517035e-01
2.489690049989148890e-01
2.463178065412988116e-01
2.458784217440988795e-01
2.461113407049173030e-01
2.463283981560574765e-01
2.429657095692430713e-01
2.399803660049025511e-01
2.398333042721884634e-01
2.396527281779174956e-01
2.347304313830876343e-01
2.394875665652410890e-01
2.364374159014162591e-01
2.347569522463406333e-01
2.349493877206308423e-01
2.330368344364687760e-01
2.308816255993830779e-01
2.303162582597385044e-01
2.274600273546917850e-01
2.271985334162600068e-01
2.277738394843569769e-01
2.233606035685321844e-01
2.255740866103830844e-01
2.223462877244068159e-01
2.244830089473786594e-01
2.208410449782386153e-01
2.241470552645623560e-01
2.206631446864727730e-01
2.194517479901357260e-01
2.216360190089714521e-01
2.192040492011389508e-01
2.166186258390468411e-01
2.177351229851677561e-01
2.140943729534434681e-01
2.153779269262837970e-01
2.151394270382588625e-01
2.146284890012660207e-01
2.149151304342473701e-01
2.113182244569373758e-01
2.125759075043412438e-01
2.079730686245408466e-01
2.056925242003053156e-01
2.094676911644637318e-01
2.068698489589150813e-01
2.066065028614441912e-01
2.094552234240497357e-01
2.033195553411884793e-01
2.034146521061581114e-01
2.041382719335379237e-01
2.003581103773321992e-01
1.998587598851105651e-01
1.983719223887116245e-01
2.045103064449504127e-01
1.993569393455594252e-01
1.978000487932780049e-01
1.959494309199508177e-01
1.968347186768272528e-01
1.934138679164849883e-01
1.942308097546920076e-01
