1.675650980926695066e+00
1.274459420726412828e+00
1.210742063976469440e+00
1.132194446779432706e+00
1.013495091540472570e+00
9.140232943353199246e-01
8.848741648310707308e-01
8.199730590269679320e-01
7.310005825828937986e-01
7.315598479764802153e-01
7.242319588150296639e-01
7.350678979303865157e-01
6.446663975414066439e-01
6.205679985330928572e-01
6.839057107305243077e-01
6.512519896057036295e-01
5.846168118271799496e-01
6.315360020313944833e-01
5.725639743619554967e-01
6.688218003263075584e-01
5.221699521925655674e-01
6.180966762976632944e-01
5.676577144227035188e-01
5.322146111536061319e-01
4.718663404873085776e-01
5.309608807230723482e-01
4.253714321935105902e-01
5.154739873377339743e-01
4.968507760253159100e-01
4.743570101021656882e-01
4.442609923377277559e-01
5.253167300136937223e-01
4.387627797660284545e-01
5.392757230628990595e-01
4.551916497702421793e-01
4.201155306638352238e-01
5.057326897388945142e-01
4.431727650595296275e-01
4.399624577524983704e-01
4.140285072520020759e-01
4.145437122300444921e-01
3.995155279326164099e-01
4.681081486956792936e-01
4.610006956130797695e-01
4.040552434216563849e-01
4.723947850738962617e-01
4.606833780076843299e-01
4.235104411022205251e-01
3.866302959939154626e-01
3.519446680628295354e-01
3.677484810560764372e-01
3.907326250172974413e-01
3.621978203695089826e-01
3.842048097745559554e-01
4.110088005666399091e-01
3.830099620896258439e-01
3.884359441626640264e-01
3.862669781018935322e-01
4.124711899010331528e-01
3.557603873987681409e-01
4.470296557266487669e-01
3.818295155399079599e-01
4.278990743202822356e-01
3.405098088877275830e-01
3.696862456881041537e-01
3.385481127863750328e-01
3.704733853098670093e-01
3.186668481804164066e-01
3.397386889470120908e-01
3.931133616835411071e-01
3.195911404882956774e-01
3.513802673205334570e-01
3.164435092772223679e-01
3.249415393274310837e-01
2.769866268353958216e-01
2.892077559183928170e-01
3.005756931534103726e-01
3.466421210510278739e-01
3.115458271558219083e-01
3.386695592041083502e-01
3.092408840360474365e-01
3.418214832360501054e-01
3.133902498451061058e-01
3.837912358361340592e-01
3.369357817105593789e-01
3.786058693344793724e-01
3.553642160075140000e-01
3.116891100058066244e-01
3.223573977021234049e-01
2.982653367164588842e-01
3.615051745155472007e-01
2.978989990577767255e-01
3.705106548658971821e-01
2.954971886643519285e-01
3.004178232385865677e-01
2.727532556180709555e-01
2.610007690239165568e-01
3.083690909351710085e-01
3.267952038873253029e-01
2.726359132000998886e-01
3.161855670671155916e-01
2.998352206742301851e-01
3.463275348157843769e-01
2.520903792853156355e-01
2.657340602392685436e-01
2.920312290368712316e-01
2.981354917805375537e-01
2.947351208107457099e-01
2.546209439778301387e-01
2.288923857618300750e-01
3.144638531941122972e-01
2.427052132193265321e-01
2.689241092315587389e-01
2.822031684891719849e-01
2.535546744676927533e-01
2.488836493849798936e-01
2.520200363406911448e-01
2.944326839627077197e-01
2.928523937548466738e-01
3.038396943594506294e-01
2.187415112642615844e-01
2.372959876204618901e-01
2.409392329693461343e-01
2.395607312314123050e-01
3.353214328316971304e-01
2.374954573743577324e-01
2.663505748642741588e-01
2.272105276830760912e-01
2.254131827467408811e-01
2.338467322013872973e-01
2.200388358518969023e-01
2.257695128844074972e-01
3.388105711608658810e-01
2.371418544952757779e-01
2.568325148601572905e-01
2.673209983686960500e-01
2.663990064815707215e-01
2.174692778096401491e-01
2.191491647941126997e-01
2.519801722548436484e-01
2.216109744796995462e-01
2.356541000064906188e-01
2.569633112956459242e-01
2.582643809272087143e-01
2.315140160307332662e-01
2.081731124248888121e-01
2.089667581629362780e-01
2.094486262947265476e-01
2.585418885686833756e-01
2.283348881718259005e-01
