1.821450099150339508e+00
1.704591912031173662e+00
1.575341275930404406e+00
1.544965203205744375e+00
1.650347702503204506e+00
1.534117814633580990e+00
1.619153706133365400e+00
1.501706092456976505e+00
1.628299898902574983e+00
1.735897049506505585e+00
1.685154803395271461e+00
9.386461357937918581e-01
1.306550542364517842e+00
1.222724603017171230e+00
8.256559201743869369e-01
1.100767229547103154e+00
1.733956485340992559e+00
1.420938515000873092e+00
8.971774033788177949e-01
1.275137042999267667e+00
8.201721585459178510e-01
9.134185157716274706e-01
8.521696833645304725e-01
1.124702978399064968e+00
1.311514657321903421e+00
1.485532323320706727e+00
8.278094512224196677e-01
1.182647740244865409e+00
9.807730715059571613e-01
1.012974115461110935e+00
1.158109917748305406e+00
6.155876184379061034e-01
7.146836822076391149e-01
1.001537448850770895e+00
6.284687689909090880e-01
1.263940703140364885e+00
1.127698285306493409e+00
9.381174790300429445e-01
5.605338106428583433e-01
1.489896190265814324e+00
9.478940622011819972e-01
9.442192420363426653e-01
6.045578771022459552e-01
5.520498441289075631e-01
1.153321447865002680e+00
1.161463976645221496e+00
1.045369245509306655e+00
8.674426593678070674e-01
6.477894429696929857e-01
7.267658800631761062e-01
5.832947673400241673e-01
8.391617808490992036e-01
7.287653199148673711e-01
1.181318017914891216e+00
8.945810865983366833e-01
9.320974360406399928e-01
5.128006792006394310e-01
4.848254453825454613e-01
6.205600629912482180e-01
6.690285255532297803e-01
4.679282201857615786e-01
7.287762746214865306e-01
5.540079382310311162e-01
5.075340125585595663e-01
1.148641566793537683e+00
7.796498830119769075e-01
1.138700773498664276e+00
5.573868692417939252e-01
9.725106494128702428e-01
1.057152745823065398e+00
5.580036787688731348e-01
8.010869255786140508e-01
5.831651201347509694e-01
5.486740162140792965e-01
5.603397510138650173e-01
5.426355706729615314e-01
1.170856982916593569e+00
4.245875404609574244e-01
6.565213287249206386e-01
7.674557019149264026e-01
6.531192259366314090e-01
6.338431606772872984e-01
8.524399209519227805e-01
6.937954662367701308e-01
5.949319720889130192e-01
6.822778690316610994e-01
6.484183313076694599e-01
5.107789291813968902e-01
4.478639176653491094e-01
8.193064349765577514e-01
7.426010125409810980e-01
9.403816361559762527e-01
6.008358364800612250e-01
3.843172000100215646e-01
6.472794703414870288e-01
3.130955443251878245e-01
1.161599723653247151e+00
6.044880893495347962e-01
4.546124027017503511e-01
6.484378122176147619e-01
4.441920105119546713e-01
5.980012528349956114e-01
5.402289980153243132e-01
5.579086252550283787e-01
5.092335020254055156e-01
9.762364865094423916e-01
7.088694133361180816e-01
5.495792178475918943e-01
6.247439653426408723e-01
5.701433157424131704e-01
6.570954222138971623e-01
6.319770648827154336e-01
9.062331953768929527e-01
6.800399644377951303e-01
3.931721968307263504e-01
6.601880714938872519e-01
3.054163011016013951e-01
5.133781433726349874e-01
8.957929670438170566e-01
5.841050589746898947e-01
3.824570598453282955e-01
1.051302406055232064e+00
9.381254489968220422e-01
4.234247564555455590e-01
3.634561755834146979e-01
8.356074936201590697e-01
1.042121467713732264e+00
5.709825769563515729e-01
5.577206073158109678e-01
6.926256504530707847e-01
8.365625105363626579e-01
6.575350969874611540e-01
4.224863762165316783e-01
7.675531660811975021e-01
4.737409936393509047e-01
5.007202140924830180e-01
4.251879224119087253e-01
5.909923160324493940e-01
3.428906392523398128e-01
7.030093168412955285e-01
3.579080042830901642e-01
1.090825741977120344e+00
4.317632977757602797e-01
5.450386069016530666e-01
5.124723915817837039e-01
6.262687365369249415e-01
4.439423461755117595e-01
4.000181030730406984e-01
5.518180105967136484e-01
4.780332707877580911e-01
