1.777527712980906172e+00
1.498361638387044170e+00
1.448533440430959107e+00
1.523937797943750949e+00
1.487435484528541796e+00
1.276289453705151899e+00
1.551645987464322030e+00
1.048317213828364958e+00
1.807719715237617208e+00
1.243169593811035201e+00
1.327457254727681502e+00
1.358645656108856237e+00
1.518621648550033454e+00
1.363407660772403052e+00
1.138208223779996420e+00
9.465387476980687831e-01
1.220863388398041316e+00
1.484302672545114943e+00
8.781774344543616939e-01
1.290975826780001112e+00
1.082697590192159165e+00
1.233083033185038424e+00
1.067645822018385093e+00
9.639512603481609210e-01
8.608908870816230907e-01
8.666716016130522338e-01
1.084186294873555445e+00
7.306138433267671539e-01
6.841844627633691944e-01
8.509604823278884567e-01
7.115354955072203946e-01
1.002435792622466959e+00
1.171642918485320539e+00
6.735315985201547617e-01
9.107101493080456134e-01
1.131994866033395386e+00
5.809376831166445099e-01
6.370179784561817993e-01
1.284618107378482588e+00
7.606271732598542945e-01
9.221368942440797412e-01
1.263592335094387176e+00
7.749032472570738239e-01
6.174639969567458087e-01
4.839531482259432638e-01
5.216777758051952540e-01
9.287477559875696453e-01
6.841437313705682755e-01
7.921993113247056684e-01
8.613433620240538158e-01
7.930462729403128241e-01
4.364025967568158637e-01
9.230502360189953848e-01
5.902931752149015443e-01
9.448024224365750845e-01
5.549803765863180471e-01
5.163189362858732201e-01
7.155239291240771404e-01
9.617595030864081185e-01
9.402261747544009562e-01
6.454526198663127490e-01
6.133522774480903994e-01
8.470061565687257987e-01
1.191540425332883846e+00
4.820107055207094038e-01
7.839721527059250183e-01
8.455677067240079392e-01
5.095304748167593933e-01
8.355580551177261839e-01
8.297728147031738777e-01
6.225796786199012667e-01
7.735427540106076805e-01
5.654613349090020780e-01
7.039637634779015718e-01
6.338961639379461221e-01
5.829209804534911665e-01
9.166372558722892805e-01
4.742777452369531521e-01
5.677237677822509765e-01
8.105973035469652421e-01
5.645244081430912386e-01
6.866247119847684877e-01
6.269930129464611479e-01
3.768590979922252227e-01
6.316110536611329040e-01
5.963576185974913679e-01
1.100590872516234997e+00
8.431839036941527477e-01
5.948604868724942651e-01
5.797870522799591919e-01
4.413652171675736535e-01
7.149813608825206224e-01
2.856732311286032111e-01
4.071837276127189820e-01
5.137852225811607720e-01
5.572784338518976810e-01
3.811386625530818750e-01
7.452780783455819069e-01
5.260236317447076759e-01
6.247950774229442672e-01
5.214453041832893820e-01
4.380351097881794442e-01
7.637402804195880801e-01
6.149545117735397692e-01
1.010098827431599400e+00
3.155268488172441876e-01
4.174550224902729423e-01
5.633700848200048350e-01
5.211808822113865869e-01
2.658165799094260318e-01
4.624185413960367752e-01
9.326066830242053518e-01
3.528645035189886814e-01
4.111226043143931252e-01
6.871631425308684094e-01
4.363936117244883728e-01
8.224987240001144784e-01
7.368426062973836288e-01
4.739253781611719729e-01
5.593632278234388355e-01
6.512844116737445122e-01
6.141478106658906366e-01
3.539983350969851394e-01
3.791086756003399505e-01
8.060578307912994456e-01
5.710808486553530239e-01
3.968169203400611633e-01
5.832664021290838718e-01
1.011542553094526120e+00
3.962221486187384456e-01
9.297929489441836282e-01
6.334521151085694690e-01
8.399632531031965277e-01
3.227478419772039642e-01
6.989323338959365639e-01
7.323565040032068429e-01
2.651059369680782152e-01
6.025387731567024563e-01
6.387363699039754206e-01
3.223572149717560120e-01
8.034271371209371626e-01
4.879148491689314082e-01
4.856127059785649291e-01
4.106583464890718460e-01
6.257857459022974078e-01
3.247530852537602319e-01
6.227580537926404869e-01
3.896020796305189604e-01
3.314110762936373078e-01
5.960690025197497022e-01
