1.919305287728706899e+00
1.256900538899004660e+00
1.008926293535365115e+00
9.019842674947448069e-01
8.376720009752446350e-01
7.851959957857099770e-01
7.557243210234575459e-01
7.253330009016725199e-01
7.027723487756318832e-01
6.799708112842507424e-01
6.640672525929079972e-01
6.485291416860288205e-01
6.315688690923981774e-01
6.142812772033114932e-01
6.084292743210163446e-01
5.996161893295745005e-01
5.936463008883097192e-01
5.788226780080132361e-01
5.649271956086157065e-01
5.579036495950486785e-01
5.506644047424196220e-01
5.526403249866432832e-01
5.373288133347200457e-01
5.327534688123398698e-01
5.226551554277538703e-01
5.153588714963860395e-01
5.154885904337798141e-01
5.085242291407452431e-01
5.032569138002064291e-01
4.934788659465395577e-01
4.884444300217761215e-01
4.839022388590706325e-01
4.808156401345300424e-01
4.728017861669262523e-01
4.676446536150243860e-01
4.676650835639901693e-01
4.621281107835885638e-01
4.560306571804814690e-01
4.525665986972550181e-01
4.521042166339854229e-01
4.498890991757313884e-01
4.394316768828365194e-01
4.372400312730008176e-01
4.415011001990900574e-01
4.299354184091918607e-01
4.283805402268966445e-01
4.159755718964668891e-01
4.230174505097997750e-01
4.190741703222609083e-01
4.114250106120275197e-01
4.226985679417848973e-01
4.063950430432127225e-01
4.093936129671832402e-01
4.009684000557495187e-01
4.032426793030980394e-01
3.970239221370882032e-01
4.007971324413600600e-01
3.819114404900206261e-01
3.885050805028941734e-01
3.877692804793930748e-01
3.901401199096192762e-01
3.885633067958470521e-01
3.792176154818799327e-01
3.768526282358086732e-01
3.804556549684040556e-01
3.800067902281881183e-01
3.727475938689377433e-01
3.718861833759066204e-01
3.649200889337807507e-01
3.699004509862925949e-01
3.624174844624681868e-01
3.604323115528871857e-01
3.562482345778908988e-01
3.549338020280832229e-01
3.563588335147748198e-01
3.596550101532290933e-01
3.524663913558340744e-01
3.495397898256778491e-01
3.448270589825179755e-01
3.446288979074192960e-01
3.472981025895311435e-01
3.460344719468719243e-01
3.388836225676867264e-01
3.396173450938529403e-01
3.425220655567116634e-01
3.390232043175234189e-01
3.267215817378212872e-01
3.380240346531693807e-01
3.337916168775409420e-01
3.333534376799232590e-01
3.273026834795665363e-01
3.280148733422780793e-01
3.214123983093433723e-01
3.224151014876034393e-01
3.292300100146482444e-01
3.265452667433355050e-01
3.193253533687028245e-01
3.165680946446955413e-01
3.267042523634930418e-01
3.196620845827791713e-01
