1.974894273052980820e+00
1.301253365619130964e+00
1.052957219371640996e+00
9.253276793408540257e-01
8.479406800562585556e-01
7.918736503013859007e-01
7.508036337204184729e-01
7.168754219627122559e-01
6.894714826497214677e-01
6.663038106848611086e-01
6.453801687793047082e-01
6.265224934900983644e-01
6.116754736787191060e-01
5.983127160761274599e-01
5.862327243099795249e-01
5.735189567579899173e-01
5.622509343871548992e-01
5.550052848357109880e-01
5.424599515476529188e-01
5.354196068299589273e-01
5.240379318914112350e-01
5.180250677585050978e-01
5.136304878908911631e-01
5.055943080674351053e-01
4.966537549305293231e-01
4.907908631865808280e-01
4.877192598916130217e-01
4.822288889741455087e-01
4.781643582139117887e-01
4.717338953440847749e-01
4.649649337542093863e-01
4.611745607434416527e-01
4.555116683696338598e-01
4.510877415275684754e-01
4.476632598412716990e-01
4.424821183072104036e-01
4.398479149746307160e-01
4.318435533230687295e-01
4.313563272830697182e-01
4.273438078647962546e-01
4.248392845991032507e-01
4.173862661025774523e-01
4.153942015742721483e-01
4.139012381650140071e-01
4.103586755154861043e-01
4.073567308787210406e-01
3.999356000492418350e-01
3.985867695520045606e-01
3.954965333739916544e-01
3.929235035922423735e-01
3.926047021926921676e-01
3.890785078276638442e-01
3.839837873961178816e-01
3.827666291882410587e-01
3.785911861368351783e-01
3.765681059014650001e-01
3.735082617261803462e-01
3.728741733149429916e-01
3.703958545793077928e-01
3.649870424050331574e-01
3.608980884927290855e-01
3.630453224655839084e-01
3.612680801130647157e-01
3.573174211313419057e-01
3.569737214753289090e-01
3.533862748370954487e-01
3.497639812381455604e-01
3.489963359003541710e-01
3.453182899133290795e-01
3.435148722609436267e-01
3.446918082900897184e-01
3.400945630023416988e-01
3.386371679302350723e-01
3.381516838372672917e-01
3.328378045515237860e-01
3.333870854812363560e-01
3.321952577930081807e-01
3.301039158695918130e-01
3.285852663209777313e-01
3.262617139904587238e-01
3.233003805411266418e-01
3.219997971052372399e-01
3.215982340019610808e-01
3.181488484096379743e-01
3.182334513527191322e-01
3.188094242272415668e-01
3.148314214297282532e-01
3.140967174779485949e-01
3.141633204931830181e-01
3.109988963015285490e-01
3.080503563784339205e-01
3.095214172066362290e-01
3.069542397077620333e-01
3.075372034621275397e-01
3.043792705621892192e-01
3.018142091262120408e-01
3.032163560302169047e-01
3.003411927899046208e-01
2.996011314635843581e-01
2.980949176267065903e-01
