2.013298694618874229e+00
1.279845614211426952e+00
1.005729460794892560e+00
8.827836775978405992e-01
8.094559345311589382e-01
7.553447018994225992e-01
7.234781107778350817e-01
7.045259695222807483e-01
6.736915021977490925e-01
6.500653074400292164e-01
6.288331761194599911e-01
6.218562897857692340e-01
6.006496790179776113e-01
5.986447328117987521e-01
5.801644916915230654e-01
5.730245021498865388e-01
5.661651993977526720e-01
5.494761298530631555e-01
5.400093269265360263e-01
5.289395292633108925e-01
5.254233325136203892e-01
5.177192694077060731e-01
5.022632720068924694e-01
4.993710988553035079e-01
4.889352028663787597e-01
4.948440631131331147e-01
4.877960051265027852e-01
4.752401084324552327e-01
4.704857625497712026e-01
4.633261809936828901e-01
4.580543689576702104e-01
4.508482140441321673e-01
4.519509901122914508e-01
4.491624844293627961e-01
4.421457004878256436e-01
4.372696559346384571e-01
4.294310633647772657e-01
4.294902198637524648e-01
4.256385551215046692e-01
4.239619667035423589e-01
4.105650510589281543e-01
4.132678880621162287e-01
4.112727925257965156e-01
4.123101157368057601e-01
4.001193148547576572e-01
4.046037955774616224e-01
3.982940609326792725e-01
3.883763671964406972e-01
3.950631461048291770e-01
3.938109551225271732e-01
3.904368246730278713e-01
3.829356829747557756e-01
3.799120777448018460e-01
3.782072114033831478e-01
3.776473732259537641e-01
3.728524891061500979e-01
3.729915781377090012e-01
3.672987127840104948e-01
3.588159328156875771e-01
3.718234215120060915e-01
3.662199018558279784e-01
3.584975314098927668e-01
3.556768215902977870e-01
3.579169542963305806e-01
3.585818621892896130e-01
3.550505382515903863e-01
3.548232243532936092e-01
3.486343163413306301e-01
3.489360924166523548e-01
3.468572760563757296e-01
3.469326043576002605e-01
3.415234897123234914e-01
3.455262973619003253e-01
3.388199170324951437e-01
3.422297834124829463e-01
3.356630941892249087e-01
3.319244091349343728e-01
3.310934204715821338e-01
3.239794904148826649e-01
3.302260977253317908e-01
3.261226608318587017e-01
3.260290607921778605e-01
3.244222462609824276e-01
3.213032468764318028e-01
3.220317475561880749e-01
3.241895852993346150e-01
3.199939570596648242e-01
3.168076508328732666e-01
3.160930879885951450e-01
3.203983305547800642e-01
3.138841829341318945e-01
3.082514094087398515e-01
3.079579733390774843e-01
3.105004117766188565e-01
3.107148126612106487e-01
3.115211048443905506e-01
3.059620950933960026e-01
3.045987395706276080e-01
3.078872342278353158e-01
3.068344003265309761e-01
