2.044811593559053176e+00
1.329647959470748875e+00
1.042342486028318138e+00
9.125727950202093819e-01
8.278105818231900059e-01
7.710217760006587984e-01
7.255404821700521811e-01
6.833583371175658838e-01
6.564796786175832732e-01
6.244505721661779418e-01
6.078206071919864950e-01
5.788094861639869748e-01
5.554884274138345290e-01
5.455245466033618040e-01
5.149362846215567169e-01
5.098614824149343416e-01
4.835902897020180613e-01
4.689384683469930981e-01
4.527378763755162683e-01
4.380693507194519110e-01
4.236647207869424503e-01
4.118304316533936138e-01
4.174590708812078721e-01
3.935578325059679305e-01
3.865491807626353915e-01
3.725581349598036662e-01
3.577261596255832399e-01
3.563480198548899525e-01
3.438494840098751948e-01
3.353201817969481136e-01
3.294464124076896261e-01
3.360132400525940866e-01
3.194200545549392700e-01
3.076920997765329457e-01
2.995929251859585363e-01
2.959106482317049869e-01
2.920193146169184906e-01
2.829759900023539609e-01
2.793187782333956815e-01
3.095801537152794158e-01
2.708672273738516600e-01
2.620565067231654943e-01
2.575182463559838597e-01
2.539387677858273573e-01
2.451113783568144022e-01
2.480861018763648451e-01
2.406651761631171116e-01
2.609975247167878321e-01
2.565196503202120115e-01
2.300793673553401253e-01
2.301592880446049760e-01
2.250704408602582363e-01
2.169268759257263479e-01
2.152555820594231339e-01
2.155592145398259052e-01
2.059762455771366463e-01
2.295758161486850801e-01
2.031323520963390639e-01
2.236344944395952383e-01
2.485455928246180224e-01
1.945904589465094481e-01
1.915738838745488226e-01
1.924642989494734224e-01
1.835962817072868403e-01
1.846916481686962652e-01
2.072543318859405015e-01
1.796205285067359603e-01
1.751986914583378574e-01
1.778184246934122192e-01
1.731122068771057676e-01
1.707712698106964022e-01
1.713529443409707864e-01
1.651019033334321651e-01
1.664888984730674149e-01
1.910845270918475336e-01
1.629427605970866222e-01
1.863773239879972510e-01
1.606215622131195453e-01
1.895312829822715928e-01
1.579269443493750147e-01
1.829370400806268060e-01
1.544173597958352906e-01
1.544004821425510598e-01
2.062301470794611347e-01
1.447225299063656101e-01
1.445274691097438446e-01
1.439885388790733411e-01
1.446387222264375605e-01
1.401423708059721385e-01
1.712464888518055450e-01
1.401051310387750326e-01
1.664153123522798539e-01
1.963878023965905106e-01
1.378273352877133484e-01
1.675314681459631749e-01
1.372090047877281838e-01
1.316359056439250774e-01
1.656236377451568986e-01
1.593535912471512883e-01
1.288922678451571158e-01
