2.061682816518677797e+00
1.394372040222088494e+00
1.057459599133994788e+00
9.224074377086426413e-01
8.373364690012401468e-01
7.755927157385481552e-01
7.452445983290673093e-01
7.083101945486334206e-01
6.802629928075603072e-01
6.568795660518936819e-01
6.375780603504843658e-01
6.148223000483380440e-01
6.035726144214471622e-01
5.851544168111350031e-01
5.773461113671460865e-01
5.682128587050570001e-01
5.587588842627074781e-01
5.510481642252869072e-01
5.355731079959206165e-01
5.225121759623289064e-01
5.190819121168719352e-01
5.116192484365569282e-01
5.042216396687759783e-01
5.068655877461035741e-01
4.900092449949846052e-01
4.835225793619951640e-01
4.779930793162849301e-01
4.755983151760365679e-01
4.714163591116666829e-01
4.638422321359868539e-01
4.617547065648768267e-01
4.534956098372737721e-01
4.426521356453498868e-01
4.406419475889868376e-01
4.419904668091071964e-01
4.374587745269139516e-01
4.340150401658481871e-01
4.314700186401605464e-01
4.230902859543760886e-01
4.187065658792853418e-01
4.191279383376241841e-01
4.134689659169978881e-01
4.134609276784790843e-01
4.063701350308127624e-01
4.031159517094492495e-01
4.058006488796738198e-01
4.022431676114600063e-01
3.971975092763701531e-01
3.869139864337113321e-01
3.889880745386083971e-01
3.895420516936315414e-01
3.914370667396319670e-01
3.883355056486196277e-01
3.847662388293279223e-01
3.758863278014791809e-01
3.740123384437626930e-01
3.712524721523126070e-01
3.674662257557114176e-01
3.698164336168103805e-01
3.629246938832931813e-01
3.657987119729319558e-01
3.637775108243028743e-01
3.581257720316449733e-01
3.642356311182181061e-01
3.617893427246147153e-01
3.560223142057657442e-01
3.527753054963217449e-01
3.510115401272972391e-01
3.522809296622871900e-01
3.523847551221649388e-01
3.546623038210802714e-01
3.399478333998057766e-01
3.377895724698901092e-01
3.408231332509054079e-01
3.383035966025459418e-01
3.429913809978299977e-01
3.378992094885971964e-01
3.374308056177364179e-01
3.361968534232841477e-01
3.275231335850226078e-01
3.308639282551076866e-01
3.264647656828165156e-01
3.263759123542242513e-01
3.222417702749371116e-01
3.249876295518543956e-01
3.293504107917348267e-01
3.218596038967370676e-01
3.196097901492482851e-01
3.185157670676707631e-01
3.171119304278658957e-01
3.155624101385473557e-01
3.178987913922303177e-01
3.106928982742958589e-01
3.162079935057295343e-01
3.106377323327792483e-01
3.127064482909109322e-01
3.028843398359087336e-01
3.066962105102009617e-01
3.039542760315040448e-01
3.015727899438804260e-01
