1.968823200861612888e+00
1.303783396526619232e+00
1.037050839353490739e+00
9.111736477138819845e-01
8.464159772572694695e-01
7.920820297135247046e-01
7.526539863259703589e-01
7.178658895525666939e-01
6.917199207842349429e-01
6.600170320493203846e-01
6.422157816533690111e-01
6.253277581709403288e-01
6.008460566456670371e-01
5.883894729365904963e-01
5.758884734439628783e-01
5.633442589254290533e-01
5.506468384188634158e-01
5.317410753391407230e-01
5.354336332722946512e-01
5.188734585101958396e-01
5.105261503794680245e-01
5.135302427880190645e-01
4.936950760997003695e-01
4.877912007548189655e-01
4.778162592097563999e-01
4.672627297512911282e-01
4.640425982629811097e-01
4.588668878624836966e-01
4.487925607793860072e-01
4.440574996780466965e-01
4.409260778184290741e-01
4.519919094526105852e-01
4.266706530363471583e-01
4.167979954459048453e-01
4.153969998519729256e-01
4.148080861471868941e-01
3.984957465639820673e-01
4.068341050766132727e-01
3.919435925616158167e-01
4.215586902339149011e-01
3.935418622775209707e-01
3.896842424323161969e-01
3.915814901253691360e-01
3.776845980132067515e-01
3.800835139966672882e-01
3.797893250540451127e-01
3.762077031036218377e-01
3.774189581032152407e-01
3.774995161041065916e-01
3.700457030258796354e-01
3.575034665840642889e-01
3.592604905422087103e-01
3.534849011401335894e-01
3.517681860454655585e-01
3.466753877147480400e-01
3.485003112932598124e-01
3.556684478289551254e-01
3.435050499742781649e-01
3.494739836647554609e-01
3.512518582272308176e-01
3.362128702551126502e-01
3.274368896004226648e-01
3.181391819442311863e-01
3.290729090405835056e-01
3.274373490473738157e-01
3.359326725246177814e-01
3.222332799765799116e-01
3.175803166876235983e-01
3.221678752755677277e-01
3.104770590861638535e-01
3.124200960455669751e-01
3.147857945164044269e-01
3.098607571643811620e-01
2.974271890990159983e-01
3.057637577531514550e-01
2.907465467146702065e-01
3.119487956883730262e-01
2.897657496137199806e-01
3.099931053265377323e-01
3.046257318225172317e-01
3.115678684468622395e-01
3.007050054409989848e-01
2.830441421242775313e-01
3.146949839923117165e-01
2.927737051745256114e-01
2.854344773154567916e-01
2.817054217612302014e-01
2.903770980100940924e-01
2.741253793708704478e-01
2.944822117493108293e-01
2.719847016795365890e-01
2.887777575560742105e-01
2.939185606370921522e-01
2.764949466812390289e-01
2.844125949839750311e-01
2.706632193426291022e-01
2.764605294609511210e-01
2.919997893991293503e-01
2.747868454235571356e-01
2.630259899532905177e-01
