1.135049313064132592e+00
7.587956123656696139e-01
5.867776161340731989e-01
5.016656886403285664e-01
4.516037566432286043e-01
4.172069351500994339e-01
3.916763530824391992e-01
3.756105275381297348e-01
3.621939848461233069e-01
3.441875157115374950e-01
3.330044945052647587e-01
3.231873480355781370e-01
3.149796301652426078e-01
3.071904042590231643e-01
3.003893773201114503e-01
2.950833572891777279e-01
2.904196404285419031e-01
2.848070642375356565e-01
2.792448568845781187e-01
2.757019751129841656e-01
2.710617421518279335e-01
2.677185302113685439e-01
2.645497785064768737e-01
2.622538822223010602e-01
2.573857437193334263e-01
2.565751226062332191e-01
2.534802634611200700e-01
2.502295398872789733e-01
2.482343232266065181e-01
2.482556270608560212e-01
2.438817762064022787e-01
2.420694507886891889e-01
2.416402436799436337e-01
2.383807619773985476e-01
2.382825589263619648e-01
2.358028508396982359e-01
2.328698488560793645e-01
2.326646497419337101e-01
2.321861559036590417e-01
2.292425747308680373e-01
2.288638325269710949e-01
2.272952020368612658e-01
2.257779994778556509e-01
2.241219449696883470e-01
2.250963485155776100e-01
2.234085303147050061e-01
2.210757556622865994e-01
2.199819466779573962e-01
2.193920518561406630e-01
2.172143296719232786e-01
2.174919423180369793e-01
2.152153142450780321e-01
2.151868463239007823e-01
2.143401159902986186e-01
2.137407654651819477e-01
2.101016332553728994e-01
2.135257423866071258e-01
2.100863950487399934e-01
2.099138394832185950e-01
2.085885874061221001e-01
2.086051553902830147e-01
2.068183827936907748e-01
2.066919379395207312e-01
2.069844346894413045e-01
2.059041499726928792e-01
2.049398779840145846e-01
2.051259568163866509e-01
2.032958215626429754e-01
2.037214672769885604e-01
2.026516847275127431e-01
2.026120536419004914e-01
2.018687880657360212e-01
2.004257650337004648e-01
2.019397604885452002e-01
1.997547174729207564e-01
1.990129306939608100e-01
1.977265607925200452e-01
1.973990677567842023e-01
1.968420025030855336e-01
1.980727346356740415e-01
1.963641875589337560e-01
1.951486743317965011e-01
1.957185944928085397e-01
1.955093480158109631e-01
1.961118696821317897e-01
1.942377896482435085e-01
1.938366435968344736e-01
1.936804461530866328e-01
1.911880410427999610e-01
1.927502319533241082e-01
1.932010403954435296e-01
1.919085624215200736e-01
1.928029508290758365e-01
1.901482995545720756e-01
1.922021100545080186e-01
1.909053522758621946e-01
1.894704153298877036e-01
1.906312469183388258e-01
1.881021336136256550e-01
1.897905384096278125e-01
