1.215103850390135243e+00
8.682255921876619320e-01
6.564205054294022235e-01
5.447074844347461475e-01
4.722309445596876709e-01
4.294966030494029030e-01
4.001978285658040480e-01
3.773239954631361637e-01
3.566144973563355469e-01
3.413186967038238651e-01
3.319332537152198670e-01
3.199845809315464140e-01
3.096963031634363261e-01
3.042503568008468329e-01
2.974090678596040815e-01
2.903402998787144029e-01
2.845151318365168325e-01
2.805175919860919409e-01
2.751777748760937392e-01
2.715837945539075760e-01
2.674455923819523129e-01
2.648188078974780257e-01
2.633351075639205341e-01
2.569068577733512049e-01
2.559318004497973531e-01
2.535091128854708997e-01
2.511711245282434168e-01
2.484307177372025444e-01
2.464005686460143951e-01
2.447825155486906823e-01
2.423086279598123949e-01
2.404547181196954320e-01
2.379965134453305708e-01
2.373054761907667787e-01
2.334560042957328219e-01
2.331701333708105506e-01
2.311306971061808380e-01
2.275279699702326131e-01
2.278723363405515401e-01
2.242445640057545153e-01
2.252697506498364532e-01
2.223025514761170496e-01
2.188951176333566173e-01
2.184364732986280866e-01
2.171612138067531284e-01
2.162499565490835773e-01
2.136114211931205431e-01
2.147792095482484176e-01
2.116847146920760037e-01
2.120617748573876971e-01
2.089450097786763050e-01
2.078201975228199938e-01
2.077914352653079944e-01
2.057782644327013910e-01
2.047820152619340139e-01
2.038734380018878967e-01
2.015405306939478947e-01
2.014807402680430237e-01
2.005147105085214321e-01
1.980695143183826556e-01
1.966824996405729942e-01
1.975458941216624853e-01
1.944519788121915338e-01
1.938072632784925697e-01
1.939057890910980686e-01
1.916580254428484065e-01
1.908523512335176531e-01
1.893985670795868548e-01
1.901020261746660112e-01
1.871496090316207561e-01
1.874605198921371618e-01
1.865531775718324570e-01
1.857506361105810688e-01
1.844049766308458183e-01
1.846345840927439141e-01
1.839216009637028582e-01
1.829000774172613308e-01
1.821789554485027385e-01
1.805457242110062865e-01
1.807847262768105256e-01
1.791046677772515361e-01
1.784285458712727701e-01
1.789083490910139407e-01
1.775031202624101356e-01
1.760600864885293604e-01
1.760169541278069072e-01
1.760573490731529023e-01
1.743312861661387714e-01
1.736744253877194333e-01
1.745368336612410087e-01
1.721375848396552999e-01
1.715946165595750583e-01
1.713571110390832708e-01
1.705733444891933959e-01
1.702035158767522538e-01
1.693129924297871736e-01
1.672211576831419966e-01
1.683348326427420161e-01
1.683617911713459758e-01
1.667572957584669557e-01
