1.162088918154769335e+00
8.751737405473514197e-01
6.718135864144042513e-01
5.472783186560939983e-01
4.700832724939499885e-01
4.263143784273298320e-01
3.932009102124247590e-01
3.712592238995231497e-01
3.542550859587297318e-01
3.413098881194722711e-01
3.284618651827885261e-01
3.158015611538722567e-01
3.106336396556200197e-01
3.021705824930708273e-01
2.945857075245474355e-01
2.893311943446363332e-01
2.821940408012548751e-01
2.778804243781064498e-01
2.743892925039178032e-01
2.697410785941710132e-01
2.647009422587881522e-01
2.595614329751307348e-01
2.573652930042759079e-01
2.527607556038513614e-01
2.493332499896183663e-01
2.481319439034413710e-01
2.431415812085678529e-01
2.425492267808145308e-01
2.389402323579910836e-01
2.389370819319601158e-01
2.346848773019248324e-01
2.340079983327412183e-01
2.315699706839349781e-01
2.300676850257955264e-01
2.261156413386805342e-01
2.241722250520059578e-01
2.225515931384431101e-01
2.218511689927447628e-01
2.201395951989978950e-01
2.182981844372005042e-01
2.158573974029944220e-01
2.164451862870593879e-01
2.143706981378736831e-01
2.130856429229372184e-01
2.116342621876473873e-01
2.088865510607766929e-01
2.095962060527996051e-01
2.072547143715535722e-01
2.062861552827422451e-01
2.046594448498313401e-01
2.054565000965503929e-01
2.040831169325884320e-01
2.022320962971405345e-01
2.010490361204951282e-01
1.996379501149132263e-01
2.004225521220851236e-01
1.977158756909115911e-01
1.971177595077097111e-01
1.969154662261184685e-01
1.966640309458997649e-01
1.942670755843439734e-01
1.940477419570421080e-01
1.924781512844921383e-01
1.944979769603341624e-01
1.943892287162433674e-01
1.910828384231347266e-01
1.907262645471480833e-01
1.897760849590067467e-01
1.897193463399960422e-01
1.878501351395999164e-01
1.896141680236214655e-01
1.882775865508075352e-01
1.876128778074443171e-01
1.868154218528234878e-01
1.867398351666809675e-01
1.876380689588288408e-01
1.858201193062653522e-01
1.852285035910306576e-01
1.858579770342916326e-01
1.841405533380355286e-01
1.825045118609938399e-01
1.825158785454955024e-01
1.830662395711703805e-01
1.834225439794875401e-01
1.805151404719328723e-01
1.825672634823057305e-01
1.804234671367653808e-01
1.812731310477570801e-01
1.797119788972389165e-01
1.800942186697230829e-01
1.789988459963983425e-01
1.793694239396771695e-01
1.785068446992375546e-01
1.789375349312595509e-01
1.780950105507229930e-01
1.766707627303438222e-01
1.769441367600795845e-01
1.752499857010774154e-01
1.764538797526025438e-01
1.763173037926814291e-01
