1.101430726187380582e+00
7.764866765726180509e-01
6.086074866394202143e-01
5.155889868993962510e-01
4.629258223710907005e-01
4.259004057241574381e-01
3.986656789579207105e-01
3.783026169625568480e-01
3.639432569667756523e-01
3.509671810333838127e-01
3.389815619868167262e-01
3.278772883574641028e-01
3.192397201082329272e-01
3.107602865100638767e-01
3.023419445169024944e-01
2.969908228610952938e-01
2.904208984181551600e-01
2.850569617715501547e-01
2.802224318301947958e-01
2.734194551545608975e-01
2.708927764598878518e-01
2.651600891921853664e-01
2.602171588798496971e-01
2.607110498206202109e-01
2.542476119387680478e-01
2.512809389165728269e-01
2.482060866947300715e-01
2.446006775678290501e-01
2.445563222673695358e-01
2.406066769778623660e-01
2.359512112528455163e-01
2.368145239156815018e-01
2.350633619931042639e-01
2.313982832067502105e-01
2.290262469092354536e-01
2.265467509446778271e-01
2.267937625965284754e-01
2.245636865258179848e-01
2.220259033495398104e-01
2.211993407097184450e-01
2.194041407971247248e-01
2.193881336766180523e-01
2.165415862202516861e-01
2.163478933248522418e-01
2.149112591076366985e-01
2.122817106022270583e-01
2.104605653850703528e-01
2.094988950384852888e-01
2.085380391275425127e-01
2.066865744482053180e-01
2.073064341620678985e-01
2.058735188289722573e-01
2.042190278642896928e-01
2.043071193766889393e-01
2.031208701384081827e-01
2.008706983711870675e-01
2.022111963541206037e-01
1.999948405428994824e-01
2.004444875000857829e-01
1.981275332067594097e-01
1.981120341932415818e-01
1.985504815027650527e-01
1.953195390988919367e-01
1.968779860074475474e-01
1.942785959822747599e-01
1.946960933644746872e-01
1.940561500119019622e-01
1.933202844987955138e-01
1.930005189686553602e-01
1.920256930274029383e-01
1.918522021406693923e-01
1.918152177482432830e-01
1.921748607384939078e-01
1.894257064485883879e-01
1.912183438240600275e-01
1.895659366588222094e-01
1.884212628138843826e-01
1.889959627730818104e-01
1.866045815405237285e-01
1.861600309821323518e-01
1.869222889609353788e-01
1.862904099401833102e-01
1.856252070732673232e-01
1.852323180715063355e-01
1.858878629457931531e-01
1.850767424691165119e-01
1.840386225638742934e-01
1.834499278925647847e-01
1.832805324463873953e-01
1.842915297238073014e-01
1.811349901801926898e-01
1.826773467549813734e-01
1.828789953154014714e-01
1.809147555144038910e-01
1.816548535603756398e-01
1.812951526732971552e-01
1.798251185095329219e-01
1.798813466184690235e-01
1.783192081742139279e-01
1.770821969670515195e-01
