1.275599754284724385e+00
8.776844622787501882e-01
6.585957545355198839e-01
5.409131010414942597e-01
4.736889347397973404e-01
4.339716208656037577e-01
4.063344917556123148e-01
3.840496367211438389e-01
3.689831541061607822e-01
3.558725584636309169e-01
3.452736303424551179e-01
3.368403372132041662e-01
3.284748903369589801e-01
3.189642246736036357e-01
3.138696817165063657e-01
3.060768778842962168e-01
3.018561364815585124e-01
2.965514536460595041e-01
2.887262953572674040e-01
2.864523719300678395e-01
2.812321307198751286e-01
2.773141100044074214e-01
2.737869630404311527e-01
2.692208326939323215e-01
2.657888218903116107e-01
2.635000738193547520e-01
2.591494946658840504e-01
2.561953277390331962e-01
2.532903241241102887e-01
2.500989334975017853e-01
2.476862391167583000e-01
2.454229954016265702e-01
2.447920423720701122e-01
2.419865625871678583e-01
2.400873422906744936e-01
2.354580108856988707e-01
2.353130329835246837e-01
2.333337735254498724e-01
2.325477778804994899e-01
2.313121248464439783e-01
2.291088701905375780e-01
2.266516326098055867e-01
2.260356733507132565e-01
2.255139599669066519e-01
2.237639075055677940e-01
2.220554594516273572e-01
2.207453944617734365e-01
2.188658243668657466e-01
2.186788599034643621e-01
2.164500482905951928e-01
2.163248959419535600e-01
2.138734404087282714e-01
2.116680798604681502e-01
2.128250480874722683e-01
2.106837985761800258e-01
2.104681545211183058e-01
2.107641996831255971e-01
2.075958068036280191e-01
2.077628145596609188e-01
2.064535669596219147e-01
2.058410300298039175e-01
2.043759767414509432e-01
2.031239154771657396e-01
2.027160856589643456e-01
2.006981252054996223e-01
1.987362283391323481e-01
2.008338741877683520e-01
1.976045118472021245e-01
1.975847648264078826e-01
1.984912959974569069e-01
1.969371929915468278e-01
1.946090665771533501e-01
1.966681777022342981e-01
1.949322982794804981e-01
1.942329864371923620e-01
1.918910322419554171e-01
1.903188040326773689e-01
1.905226807129824507e-01
1.907555373628061213e-01
1.884084947365657903e-01
1.882541109779753419e-01
1.880932262834246471e-01
1.880925275708505984e-01
1.865941404952196347e-01
1.864841206093174608e-01
1.859471808292485484e-01
1.840144578710250223e-01
1.826983370679449159e-01
1.838971432706145159e-01
1.816975999175400869e-01
1.832628539264536394e-01
1.816170498523051735e-01
1.811639526650158372e-01
1.817607823763124908e-01
1.798893890019545305e-01
1.786079852109397903e-01
1.774516012971819046e-01
1.786747220468345998e-01
1.779336230028946420e-01
1.782957914597106952e-01
