1.053184702167979436e+00
8.150140178407193625e-01
8.325187482948104289e-01
6.497463258896317706e-01
6.990979676973271273e-01
5.349047193693577951e-01
6.981895135301978694e-01
6.718288626031377886e-01
4.978629205137806157e-01
4.916252435332031934e-01
4.749359989304701157e-01
6.023630271845216155e-01
4.223505934920043225e-01
5.130819614659993810e-01
4.939109766320990969e-01
5.639048077501688239e-01
5.165350286882990360e-01
4.264791754956711034e-01
3.685256242476152577e-01
5.056764222808581843e-01
3.405089100557810999e-01
4.153051510967522009e-01
3.813122203507430807e-01
5.950330926679843202e-01
3.876808014006240533e-01
3.826763828093378561e-01
3.040858403472057048e-01
4.134212237141531299e-01
4.186253252672253455e-01
4.601068540653288075e-01
3.391496611873831002e-01
4.428754231260495500e-01
4.197167975955332642e-01
3.445412997003908240e-01
3.604203959286567671e-01
3.888980610220442169e-01
3.919030970343654330e-01
3.248984185051487783e-01
4.133547813717335373e-01
3.462725963665113094e-01
3.074843030139944311e-01
3.396497622628550928e-01
3.238455627100406131e-01
4.591646502517280348e-01
3.489447033955411781e-01
3.618221763524659407e-01
3.070423868617989105e-01
3.655081970054637752e-01
3.013724179802691472e-01
3.596340943613267060e-01
3.595672868457475135e-01
3.955275428221886047e-01
3.105474493646613876e-01
3.350456044380405451e-01
4.309076868251024983e-01
3.343537321046275435e-01
3.374009878955868680e-01
3.853859365928250513e-01
2.480163724834857919e-01
4.355409110708194365e-01
3.740867631191070464e-01
3.263276383418777238e-01
3.558180534943332640e-01
3.330796364770707285e-01
2.494754673296428193e-01
2.846388955491258588e-01
3.379266418079961420e-01
4.176546210395153946e-01
2.858747133115539518e-01
2.667929483660090306e-01
2.856561348343725770e-01
3.419212753650074377e-01
3.529251062152753415e-01
2.629685323873865443e-01
2.748508751327393695e-01
4.750791638665796124e-01
2.988692720753735599e-01
2.629843453443387324e-01
4.170826855242079079e-01
2.292943678426460075e-01
3.040583404288663139e-01
2.808155836181914777e-01
2.854337622065851177e-01
3.154754592994919449e-01
3.292057818795114943e-01
3.081285472218416310e-01
2.523907085848579590e-01
2.824672194761216892e-01
2.594011172914936214e-01
3.467792874389764579e-01
3.238221508987006447e-01
3.003559384794272091e-01
2.516981711639695307e-01
2.838872723010588128e-01
3.249822383443159435e-01
2.431095028823307691e-01
3.154605809310691011e-01
2.273959956372051949e-01
3.266013376771327303e-01
2.887501438579610502e-01
