1.192084837876127290e+00
1.589520155873208829e+00
1.252895262620988159e+00
1.948844728808081239e+00
1.024781968162010504e+00
1.109945916530350907e+00
1.590034823006107656e+00
1.190558145330982143e+00
1.000260149992411085e+00
1.294493732066706482e+00
1.382807363579773963e+00
7.748164800046074552e-01
8.160691999368930860e-01
1.728021400654836226e+00
1.214329042300315908e+00
1.031595223386964078e+00
1.016482514957823380e+00
1.065587878400592992e+00
7.862550275746201800e-01
7.957035549555625531e-01
1.179972194695120935e+00
1.522324853384497745e+00
9.448681379545789127e-01
1.157040822087787024e+00
8.549848576454106563e-01
1.338056897118332866e+00
7.885919534975870393e-01
1.058431476593490350e+00
7.044327686367525265e-01
1.077063829129384365e+00
1.149272844560399909e+00
7.313924423614072134e-01
9.747602390249866522e-01
1.282106443068810941e+00
1.398551748132865313e+00
9.673093114475171950e-01
8.694557147452399715e-01
1.040594087133509316e+00
9.544522425906347696e-01
8.154591065912049075e-01
5.425741374421687579e-01
1.339001167038485152e+00
5.843179894515003747e-01
9.495050337456836242e-01
5.029784254797748932e-01
1.342771771164359418e+00
9.868957190196370188e-01
8.755968598318508711e-01
8.189777255508354781e-01
6.900989768821672588e-01
5.290045357148887017e-01
1.021253776409707603e+00
7.542350383226700261e-01
1.092948422239138129e+00
6.543894909793077641e-01
1.051919318269346926e+00
7.864149730535786587e-01
4.445265404596862036e-01
6.221135519635272448e-01
4.769508431757548683e-01
6.419191606425576069e-01
1.111615617267595280e+00
9.695190822865281666e-01
6.154428840485948182e-01
5.057258492471679023e-01
5.727629223060869412e-01
1.022601386865190642e+00
3.981580750215502618e-01
8.399768338988107264e-01
8.571578380823494658e-01
9.718376604632605886e-01
6.209889521541496205e-01
6.154652849553533533e-01
7.680113477216486961e-01
9.336492608724389353e-01
6.941306629478340984e-01
1.084178598064402754e+00
5.918083273935766941e-01
7.909461280424516794e-01
8.772290169572576346e-01
9.482534653094786270e-01
4.756588044474686638e-01
4.615429317100076534e-01
6.068185926173066402e-01
1.091511201781353746e+00
5.653252801755923596e-01
7.758334330569758297e-01
4.687623243427886943e-01
8.707380840309288939e-01
9.061757519431484775e-01
5.176285900216039959e-01
1.170951749650015028e+00
9.406226327270269527e-01
6.875014304051115799e-01
6.893323748903201764e-01
3.414162725184319847e-01
1.475253995487111558e+00
3.538581613250675884e-01
8.709957381126365306e-01
5.409087996118302488e-01
