1.227265265957198981e+00
9.115765681792344921e-01
6.918194066641980555e-01
5.871508925501710552e-01
5.157999386989408075e-01
4.983989377251298869e-01
4.711947514772750201e-01
4.331491210231203093e-01
4.428711649619062607e-01
4.336328403423609368e-01
3.897030085690201262e-01
4.039927296665519196e-01
3.925310628898081022e-01
3.754620598555749589e-01
3.409178830915956526e-01
3.540793856325640254e-01
3.325891788842411101e-01
3.586561173037543515e-01
3.580550265789845255e-01
4.110657889638977269e-01
3.291350122658807664e-01
3.352738554005001426e-01
3.606681768819971490e-01
3.142606341592754648e-01
3.512029409556133297e-01
3.454923857966826217e-01
4.929484211590507980e-01
3.676754613864907650e-01
3.261760273138909483e-01
3.367823541601356885e-01
2.822203362361729861e-01
3.357347800231896828e-01
2.939047457220242410e-01
3.540657737840450237e-01
3.254387280203051569e-01
3.094662155382056357e-01
3.467065113287057243e-01
3.084803322051915542e-01
2.699935096122999534e-01
2.775882645629858536e-01
2.786360952149019021e-01
3.126547086274535925e-01
2.774677201591334574e-01
2.700235294271658426e-01
3.415756304829728474e-01
3.080187103066696630e-01
2.754593758431362893e-01
2.406276438778184867e-01
3.337166423136292415e-01
2.592110234088922383e-01
2.838784486425972586e-01
2.690803148446932469e-01
2.687494844880115030e-01
2.455804644859887753e-01
2.610640244545144872e-01
2.662156337413640883e-01
2.596423029181601505e-01
2.575710330135578263e-01
2.805656046242829271e-01
2.991926794747817309e-01
2.894187289313386868e-01
2.694818107767243398e-01
2.462995308314993859e-01
2.244387146451105597e-01
2.635602348644195403e-01
2.407639702209987687e-01
2.364652760123603925e-01
3.000439423317584620e-01
2.460056649704848719e-01
2.939291003819871073e-01
2.379622316078880417e-01
2.722892051571527694e-01
2.626485019275012212e-01
2.715252004228242422e-01
2.769243468907122141e-01
2.497168104717236992e-01
2.644583913734622205e-01
2.748377980542782706e-01
3.057578694568240940e-01
2.535628295602739835e-01
2.486541850600900161e-01
2.256736896571069906e-01
2.967964748658220020e-01
2.625084611023777437e-01
2.291035859909268946e-01
2.228584996200021762e-01
2.559335673788459831e-01
2.184427210048226764e-01
2.446560026955650891e-01
2.857984664782059481e-01
2.316801928009080136e-01
2.895052483285913691e-01
2.336532148902998041e-01
2.354793699462415790e-01
2.715732198726936719e-01
2.067542302845471469e-01
2.161705772557613037e-01
2.128909393217675028e-01
2.421539638963688679e-01
2.132147359545687182e-01
