1.183376756571588029e+00
8.943375688427700476e-01
6.866018368673603156e-01
5.586988763967676297e-01
4.889833522100939800e-01
4.330792241297882761e-01
4.062211995528136055e-01
3.813174909305749871e-01
3.846871137242477423e-01
3.484779372711469536e-01
3.461853390650553863e-01
3.362626729600887709e-01
3.119305081806497126e-01
3.281910765931049800e-01
3.108765664124764627e-01
2.985386255831278812e-01
3.162407860023122019e-01
2.995299011149914481e-01
2.958336563555821752e-01
2.753017030098127704e-01
2.792693091653432047e-01
2.923371017486386947e-01
2.901163632139846515e-01
2.699787057664345680e-01
2.800585701714791709e-01
2.706216547140637974e-01
2.636613215617861772e-01
2.649889680388621827e-01
2.587113028818214810e-01
2.431869855742695707e-01
2.788923671620770484e-01
2.595351938284349291e-01
2.377862390846559593e-01
2.436409800649008695e-01
2.719022460544293085e-01
2.414002660048587823e-01
2.620054655374105534e-01
2.540548434371391329e-01
2.469060673551147500e-01
2.426666521539813104e-01
2.350149747763782826e-01
2.289667419167083773e-01
2.461160802941455561e-01
2.309129944857589989e-01
2.409799120042716292e-01
2.442479884873867135e-01
2.277915413700699054e-01
2.323476441380966651e-01
2.147105086447934907e-01
2.330467489350520061e-01
2.263343374118385043e-01
2.225348686092028794e-01
2.139538254565169217e-01
2.158994017803523291e-01
2.453835647935664332e-01
2.353848096764626641e-01
2.143045372792407866e-01
2.122339683930936916e-01
2.282118835724433747e-01
2.246001348142310783e-01
2.223551551166079998e-01
2.214194032656710276e-01
2.131219661762037421e-01
2.143117229324878747e-01
2.022852142701716538e-01
2.106670572091834670e-01
2.182748216809467512e-01
2.094499929612561595e-01
2.095707155115039966e-01
2.172041951783465485e-01
2.038047049125798205e-01
2.070003122032571530e-01
2.106245618320423119e-01
2.049977404329567376e-01
1.931034483884205566e-01
2.115008001298058493e-01
1.955363356762824245e-01
2.083248745705307547e-01
2.032277306356598534e-01
1.984145573665860585e-01
2.101597756761299785e-01
1.963957705888589866e-01
2.010010347341633086e-01
2.193681599616227607e-01
1.918432384810689062e-01
2.017159152635606689e-01
1.932098139896485378e-01
1.897514620210689062e-01
2.023016976468397510e-01
1.870416197162577399e-01
1.983870836343062938e-01
1.902279510663913986e-01
1.933329658562932818e-01
1.911304230880684352e-01
1.958867065350381742e-01
1.943338563449008571e-01
1.953928108177226397e-01
1.897333472547261812e-01
2.001539386170945178e-01
1.814158489068367075e-01
