1.137328487162883262e+00
8.091195552001556601e-01
6.342883682821478519e-01
5.764537064199647398e-01
5.114161209410420517e-01
4.712773499900779761e-01
4.513062321351634099e-01
4.252756902937900318e-01
4.176426516795707644e-01
3.994785026765413916e-01
4.250720168294975787e-01
3.842360258740032952e-01
3.691709615868105088e-01
3.789947847229456213e-01
3.526039289152489986e-01
3.474120198558902639e-01
3.696411608033753904e-01
3.823208198931711266e-01
3.563379721528941446e-01
3.695032019583351368e-01
3.201767340479980684e-01
3.297965256094917974e-01
3.178375571620214446e-01
3.431688986309747724e-01
3.224563600048351297e-01
3.099920449742720185e-01
3.406958104744968185e-01
3.274602656499592257e-01
3.552255704805186154e-01
3.264355216790599812e-01
3.244893773059131514e-01
2.770799315788096129e-01
2.840812995802977081e-01
3.277810152272264688e-01
3.256039391388368953e-01
3.797034799359431112e-01
2.883272621224296506e-01
2.856423758749860875e-01
3.160022344665234240e-01
2.664579623494417460e-01
2.830960581276826815e-01
2.778958242369444220e-01
2.539083119654581555e-01
2.569769688936177077e-01
3.075909675352792583e-01
2.979338932524444594e-01
3.138833766987947915e-01
2.709626343720381025e-01
2.854512261621492963e-01
3.014750304146681659e-01
2.880799243016747835e-01
2.687118436796498422e-01
2.574283683241972986e-01
2.434801076421611032e-01
2.712359493942645972e-01
2.991277472536483795e-01
2.596013716726964793e-01
2.447922262987226316e-01
2.625003747946170196e-01
2.569286097167678973e-01
2.827517901929965105e-01
2.558368489604635476e-01
2.266351974176775974e-01
2.401993106297746761e-01
2.850469188481786764e-01
2.568924924112293562e-01
2.679704926329796177e-01
2.529015078797289817e-01
2.590104864593191225e-01
2.365062565155061358e-01
2.538598028263419071e-01
2.475774980223731103e-01
2.266637949173168631e-01
2.529505022822558513e-01
2.338419888194286089e-01
2.516527884600111564e-01
2.347096236278725101e-01
2.278619364731050978e-01
2.276811081224665578e-01
2.267859553726134791e-01
2.206971679666029362e-01
2.331607170117606098e-01
2.014307360392175172e-01
2.256321788912427628e-01
2.229067432650769509e-01
2.151502077206436658e-01
2.049063666967961550e-01
2.044857017418334200e-01
2.423416837977622473e-01
2.259047802912725056e-01
2.364311166930194441e-01
2.579098032942238605e-01
2.105939692067121949e-01
2.343208611264347430e-01
2.119681562665165497e-01
2.048140019096694187e-01
2.308534572624697800e-01
1.931284110589742975e-01
2.050622804245502417e-01
2.148566487276268311e-01
