1.214240436843085025e+00
8.776264304549918904e-01
6.745382157855799310e-01
5.574975923374768660e-01
4.931825430440879288e-01
4.553221751094810310e-01
4.273496987025534044e-01
4.061349139548956488e-01
3.903315442995123896e-01
3.764672187273819803e-01
3.627483558728314961e-01
3.551744570161260439e-01
3.445002751967086163e-01
3.360929295096102831e-01
3.269050835580683545e-01
3.200064696366943240e-01
3.155561844291194795e-01
3.085399169273718711e-01
3.026748714674485918e-01
2.990511150265763307e-01
2.936198260250775238e-01
2.888518489716419557e-01
2.837467242054168004e-01
2.828525355224009163e-01
2.784668726769431446e-01
2.718728591452529986e-01
2.695459660853030126e-01
2.681694590460730887e-01
2.631891663208781318e-01
2.623099049602627963e-01
2.593790967950768134e-01
2.564670380598835786e-01
2.536165055290788284e-01
2.509645590399595116e-01
2.481907126594519453e-01
2.472146315746848733e-01
2.441523863493886282e-01
2.419473506629311876e-01
2.409696855888173450e-01
2.373197337451598554e-01
2.360749194446145616e-01
2.347535302164676096e-01
2.330916324745146428e-01
2.317346770583537663e-01
2.310164698526525895e-01
2.288412128360367004e-01
2.275470747448896103e-01
2.270419614329287350e-01
2.250324871099332602e-01
2.226616765989825608e-01
2.234648007098498645e-01
2.227197070065737583e-01
2.228915417487879191e-01
2.182337144522184802e-01
2.164402826723890172e-01
2.181595188743542246e-01
2.167241153257036257e-01
2.147929171424063366e-01
2.161287986231775204e-01
2.141247212771590358e-01
2.140300415439381487e-01
2.128643159336756074e-01
2.121832841886643339e-01
2.102536246342408821e-01
2.112735881378161318e-01
2.106360317247222835e-01
2.086500068826611654e-01
2.101466165411005060e-01
2.081655263266812272e-01
2.046910660692945194e-01
2.056085193164876035e-01
2.051784783216459851e-01
2.053453406889120814e-01
2.045653182203131526e-01
2.024007413653684251e-01
2.040812113083943502e-01
2.034498280428822525e-01
2.027010702795465913e-01
2.031954991308408398e-01
2.007765574454936086e-01
1.988191536419396943e-01
1.986512483933846329e-01
1.964383032211813318e-01
1.952953068650469803e-01
1.972913150005882743e-01
1.973429746659936534e-01
1.950815379756705992e-01
1.952500903470918425e-01
1.954406676122817099e-01
1.919439024078249678e-01
1.931376892436526549e-01
1.911845462040710486e-01
1.919410895830489794e-01
1.920885373535587137e-01
1.910504364111287046e-01
1.894134687711003517e-01
1.897741343837458516e-01
1.871581947035057536e-01
1.866512150434440076e-01
1.855132119956154346e-01
