1.189802607846070837e+00
8.583239696316539158e-01
6.621788013643332693e-01
5.498808619670333409e-01
4.800857970781979844e-01
4.377265146304394894e-01
4.086389185938865687e-01
3.863991489396267909e-01
3.664885642664507115e-01
3.500414118513435202e-01
3.394575880007670854e-01
3.276684433869426760e-01
3.176685695294526601e-01
3.095256064406847196e-01
3.015157130536202379e-01
2.952053309013283888e-01
2.887565618896990038e-01
2.818540907662435702e-01
2.756478219616581571e-01
2.717548468716922683e-01
2.667702830872343278e-01
2.627238973679405509e-01
2.596150055091414610e-01
2.548065164549586648e-01
2.531826806696834131e-01
2.487131240649777253e-01
2.460636266367438318e-01
2.434219077930216690e-01
2.409394738575524886e-01
2.381210683504679237e-01
2.374754354235043274e-01
2.343761388082337971e-01
2.317849208563070584e-01
2.287394432084767504e-01
2.282570645448400715e-01
2.253609238670540305e-01
2.261743714386408866e-01
2.247228646700876742e-01
2.222627658632853331e-01
2.191310084409797410e-01
2.190418196115872240e-01
2.167432502029759400e-01
2.149967962645659425e-01
2.146080052948416417e-01
2.143157335717423284e-01
2.108013573310470734e-01
2.110413308428985002e-01
2.105922417348184139e-01
2.095170025976555994e-01
2.085860891189005029e-01
2.073252928029464814e-01
2.065677496350776521e-01
2.033560829567116757e-01
2.046128100041647857e-01
2.043702418932181186e-01
2.037063335271164510e-01
2.029431034113199084e-01
2.021835844423628958e-01
2.015987498628030727e-01
2.014248423669823540e-01
2.005481678451548344e-01
1.969024034947267909e-01
1.983792554369976091e-01
1.974813197783693020e-01
1.983970794219279965e-01
1.969388589740172502e-01
1.965522888206400198e-01
1.959198606421269084e-01
1.941954767967884743e-01
1.952413183564966903e-01
1.953730104219279506e-01
1.920455654552535307e-01
1.923242658803886451e-01
1.931817169775365828e-01
1.915560147697630833e-01
1.926770749078285661e-01
1.907868360344856518e-01
1.897024633622016732e-01
1.902576187013197140e-01
1.900232459924496020e-01
1.883561639347337002e-01
1.886833002172894624e-01
1.887033663031083275e-01
1.879550383541097880e-01
1.876755817725518916e-01
1.873464872475513465e-01
1.863138720970360374e-01
1.880407256628054136e-01
1.843315632125643588e-01
1.880387393962174580e-01
1.849759300399967388e-01
1.854794949501180068e-01
1.826686721310721850e-01
1.825516253775573139e-01
1.845960079528055353e-01
1.847515799033512818e-01
1.825987596439648253e-01
1.820491478313416567e-01
1.811633764072383967e-01
1.820842558621893759e-01
