1.173028828639911536e+00
8.227081915528844380e-01
6.915060205634229185e-01
5.781683345494605941e-01
5.007032391281709405e-01
4.943816930601304671e-01
4.793215696855039343e-01
4.289537476507612190e-01
4.780312365350564141e-01
3.741613706617600843e-01
4.266895288965472655e-01
3.893922025616226579e-01
3.709594738718710594e-01
4.238832348772293424e-01
3.571999187320833991e-01
3.311885894081215698e-01
4.032865302558636955e-01
3.675249226137665692e-01
3.506840614703122250e-01
3.232278114419513959e-01
3.150464255468659602e-01
3.161074281782253470e-01
3.026448664557876422e-01
3.140815175763432276e-01
2.854563552011574190e-01
3.292769430362112448e-01
2.792046784006580462e-01
2.874353391096885479e-01
3.319769766225433849e-01
2.635154395323824339e-01
3.080579947279221686e-01
2.634313040988450205e-01
2.720634975421618029e-01
2.746255324486966964e-01
3.009910988060998660e-01
2.776027010407232654e-01
3.133677222599423606e-01
2.619277049416881553e-01
2.715763972215637367e-01
2.729874285248050647e-01
2.700702948950844950e-01
2.383101531561584996e-01
2.901471807001340109e-01
2.397765921293124047e-01
2.870759489017630783e-01
2.646921935995091291e-01
2.396797876502583802e-01
2.509430202131333609e-01
2.393656000979199061e-01
2.484988897563686350e-01
2.526013869232563436e-01
2.497289605489006747e-01
2.401842784948038378e-01
2.428995909159052113e-01
2.504442338098727960e-01
2.743440799511649431e-01
2.272797215709225216e-01
2.428595822393918302e-01
2.639453066345467391e-01
2.430271164501494607e-01
2.420847843774519281e-01
2.404911703710928828e-01
2.206670738310530788e-01
2.355629643918343841e-01
2.260777338638725598e-01
2.239209925591402472e-01
2.265071595311434205e-01
2.545582745524104795e-01
2.155788127428449052e-01
2.198637028823329786e-01
2.142015098122690697e-01
2.314446514452007941e-01
2.201757510005392660e-01
2.175439000111810961e-01
1.996209382845851033e-01
2.240885064108066316e-01
2.061294098003005892e-01
2.248553151560067909e-01
2.055001966944740577e-01
2.162519597061798304e-01
2.287869230175675894e-01
2.021565599274073866e-01
2.024525527597069718e-01
2.068673285108844906e-01
2.142492963559744223e-01
2.361077422783704749e-01
2.164454639937493652e-01
1.995326372661379577e-01
2.157378953340396421e-01
2.061704872548478507e-01
2.255340455886797046e-01
2.211087087752037772e-01
2.117623441957145469e-01
2.204388534996928883e-01
2.073716910892778320e-01
1.943532511543865915e-01
2.268804216004843555e-01
1.947342694168318622e-01
2.195327619462038859e-01
1.936515130956478203e-01
