1.107806973553155938e+00
7.865505412299533816e-01
6.198529529346833433e-01
5.095598923715466411e-01
4.690575053798300975e-01
4.261257318069918698e-01
3.994271059564135640e-01
3.793991827426751451e-01
3.696105709782451232e-01
3.503632253858932066e-01
3.380801307320400739e-01
3.286561980002348227e-01
3.164140785981144344e-01
3.158937640320674256e-01
3.049843733915213462e-01
3.004346808630421473e-01
2.940819381469042537e-01
2.873207068658455432e-01
2.867979875953122759e-01
2.762879050418781679e-01
2.808152856787299312e-01
2.746920326048018501e-01
2.708122696693895382e-01
2.667343990165178536e-01
2.682123584233178093e-01
2.641889400953579825e-01
2.620882948772773058e-01
2.640360937460898283e-01
2.607344298094985691e-01
2.537858675046190671e-01
2.599837344207672207e-01
2.508026043395951143e-01
2.529263497757038293e-01
2.476015773273017584e-01
2.544720302232404974e-01
2.509909957347833953e-01
2.493044912591572682e-01
2.517834475254105975e-01
2.484602812300641672e-01
2.455380266543615020e-01
2.458491754174549349e-01
2.429430903537408981e-01
2.440268953172479716e-01
2.398771718902964201e-01
2.488155396205087855e-01
2.431900322446149953e-01
2.416306487905761635e-01
2.381754957129499084e-01
2.386124121663513731e-01
2.432635704343169558e-01
2.383705358936371588e-01
2.368698174970596815e-01
2.400099922805696839e-01
2.446700773064098000e-01
2.402352707729501768e-01
2.443706158815552032e-01
2.393293177496904622e-01
2.392741202575990600e-01
2.417072155517550613e-01
2.400017957379690647e-01
2.376616799737681363e-01
2.365248931511001462e-01
2.388972806632325696e-01
2.320994494956707399e-01
2.361305166439116587e-01
2.368639095887074553e-01
2.401145220182632212e-01
2.373450808818729496e-01
2.389348618759023213e-01
2.368685200226972876e-01
2.373029693346744851e-01
2.363092992696258499e-01
2.334477757301331169e-01
2.354150816486447195e-01
2.347385177204795448e-01
2.352512108933252633e-01
2.357864521011583947e-01
2.353017229884815931e-01
2.365442657752499789e-01
2.346589041890883021e-01
2.365126652998493229e-01
2.351925862710241011e-01
2.344783889865153237e-01
2.354867773742779780e-01
2.287446756675825532e-01
2.270602029701945246e-01
2.276811077866788546e-01
2.242131883655030244e-01
2.312292128901935473e-01
2.345619452847095832e-01
2.303344439448541670e-01
2.280656445368053065e-01
2.255306818882780173e-01
2.217067943974438404e-01
2.277199596901441914e-01
2.245501340918314992e-01
2.246704565112091490e-01
2.255523008776404159e-01
2.279867340542293397e-01
2.211278136646631087e-01
