1.105831074284182813e+00
7.981179523223804750e-01
6.443590905432485805e-01
5.389461278677253331e-01
4.917286373704435332e-01
4.503354591828962472e-01
4.141477088222931258e-01
3.991453751859233567e-01
3.984200464574110256e-01
3.699652206442791691e-01
3.717372672726614313e-01
3.489153580801941934e-01
3.500327336131299760e-01
3.445090029568870227e-01
3.290896802611412708e-01
3.176940378813638555e-01
3.183454510048309150e-01
3.091771981265231117e-01
3.062063433154761372e-01
2.885289932571892813e-01
2.952050611242736933e-01
2.977016463537944246e-01
2.880465146892644546e-01
2.742126143120043880e-01
2.877986327493965435e-01
2.760221529051269940e-01
2.804634014903581440e-01
2.753082509482512874e-01
2.667534165447356109e-01
2.489163439088795671e-01
2.687391716404320396e-01
2.555708294392912694e-01
2.538784260590970510e-01
2.539982579709326727e-01
2.579553384409408179e-01
2.572799892632261498e-01
2.556440500638517688e-01
2.469369502001352856e-01
2.560505769639655482e-01
2.406205507431309898e-01
2.477668517972603512e-01
2.433372732692865859e-01
2.521931108318876680e-01
2.405073205835676631e-01
2.459356505102551771e-01
2.370107612475450265e-01
2.374278404944174525e-01
2.420557641247437775e-01
2.392913605668302579e-01
2.486952025589512782e-01
2.315464810658741102e-01
2.359980226681178961e-01
2.273864799045774154e-01
2.393213089508175462e-01
2.412935525764464129e-01
2.403150484564894884e-01
2.313673388138299813e-01
2.369173493205562475e-01
2.262485144650930591e-01
2.271581045291888867e-01
2.266648898178139915e-01
2.219123872152005961e-01
2.255758192303121967e-01
2.208264497736206200e-01
2.152156234251936806e-01
2.207291221622141308e-01
2.312341505894102700e-01
2.184077574974681579e-01
2.215892489617770633e-01
2.269785797516096770e-01
2.174006431824778152e-01
2.151934878321747624e-01
2.134667471205325684e-01
2.107661309858911702e-01
2.134474312789814976e-01
2.131398225202155439e-01
2.133426141711462498e-01
2.157689390691484022e-01
2.169676038759984493e-01
2.145469976426467862e-01
2.179266767927883208e-01
2.100743030196225436e-01
2.093988577574251442e-01
2.137032935247206444e-01
2.074239274020532042e-01
2.073023293730180128e-01
2.086049120468679852e-01
2.084641673379408755e-01
2.187889240722329376e-01
2.128304340046166254e-01
2.190415453683557112e-01
2.086456217130788215e-01
2.127883341856497412e-01
2.129931064195408896e-01
2.113545228300608425e-01
2.102475137700510754e-01
2.067120618578220381e-01
2.065205876259768591e-01
2.145672971533549300e-01
2.097210149643664590e-01
