1.215735322805072238e+00
1.171401590004484294e+00
9.898765844899036770e-01
1.098468752779539370e+00
9.983755427303295793e-01
7.489452825306900374e-01
1.194719679673788670e+00
6.048636667379153620e-01
8.357096322564476765e-01
8.735067981331752218e-01
6.148800956225072278e-01
6.280676847867392443e-01
6.027269524057696781e-01
7.053888873796340109e-01
5.352963552728058350e-01
6.231546150865377998e-01
5.607846073493479855e-01
5.970758158215888622e-01
4.664422889537714889e-01
5.005552710663556670e-01
7.728712300476494601e-01
7.620791275308482771e-01
7.289388803707821385e-01
5.032929336348322957e-01
4.945329051698365008e-01
8.004867404714011148e-01
4.719650738729933015e-01
4.644292029680279765e-01
5.695974153109073512e-01
5.149174218185434970e-01
4.685646799977120081e-01
2.870013780035964857e-01
6.284942701064720749e-01
1.034686066707290575e+00
7.610395679737209651e-01
6.311245426001451664e-01
6.130459546085851308e-01
5.253077224771536269e-01
4.299366422007156463e-01
6.586954712260947309e-01
7.320167046553558432e-01
5.772372129042608879e-01
6.870294901836545565e-01
5.606776835859441643e-01
6.721075201553154965e-01
5.604856432287672607e-01
5.541375763190408144e-01
6.341664021652161365e-01
7.021201136209829219e-01
5.828308515065847573e-01
5.563777630853284917e-01
6.403981229802839792e-01
3.643996399339712866e-01
4.307156762193208865e-01
3.568917557819618613e-01
5.930842946610467292e-01
4.670299388969159082e-01
4.843065778215073225e-01
5.042687451344119998e-01
8.579441628218308358e-01
5.379351466218325051e-01
5.651357749254545260e-01
4.696264739202423155e-01
7.277368926843778008e-01
4.492571905374049268e-01
3.449486727310867029e-01
7.987335478283081880e-01
4.660563918459413313e-01
3.904368547363103459e-01
4.900921973663988074e-01
5.267547810915931272e-01
5.541224342185840923e-01
8.667390583975673746e-01
5.089574859455699984e-01
7.364356237468765443e-01
6.144003500534301887e-01
5.874054837124791373e-01
4.818998209720627979e-01
5.034375309259150333e-01
8.442571400229959000e-01
8.637326251960596446e-01
2.340821023125413125e-01
2.395667932192233063e-01
5.261033743894880654e-01
5.151208515065937021e-01
3.266690779414432311e-01
6.663193361032704320e-01
5.770442817248859768e-01
2.929111171301045369e-01
5.391795893147237617e-01
7.202173686076556169e-01
4.524480346023162514e-01
5.862955694466908119e-01
4.774689149457799209e-01
3.039315171221138590e-01
5.525995763541635686e-01
9.157882063020890140e-01
3.090881245412367972e-01
4.747863180145975304e-01
3.489545304300097350e-01
