1.248990439217714910e+00
8.480609769248772523e-01
6.430816216871300117e-01
5.466264964267808502e-01
4.891090856254415864e-01
4.561972423248958353e-01
4.272776012500679177e-01
4.082049909807673460e-01
4.209134791724916669e-01
3.758212674997535307e-01
3.909424803774242396e-01
3.607975411394305776e-01
3.679467126582736669e-01
3.969513312234055347e-01
3.596162168001731940e-01
3.472453950916468135e-01
3.264639186519148750e-01
3.392554894846093183e-01
3.482388754236054318e-01
3.380589994274796894e-01
3.398089546072204370e-01
3.362655360341945121e-01
3.141093679990988319e-01
3.014550729931825268e-01
2.936707259148280125e-01
3.085503130717183184e-01
3.434082938463509649e-01
3.146552501790814693e-01
3.044166676281637729e-01
2.898411385642845062e-01
2.895598305242058634e-01
3.168664382215020670e-01
3.009438035916791043e-01
2.908633567611930149e-01
3.113150865002161094e-01
3.511504467705393595e-01
3.067070370254835199e-01
2.922920175203249649e-01
2.812394940685379874e-01
2.675257229098894074e-01
2.674681621947637700e-01
2.867453184005971378e-01
2.444540520461732647e-01
2.876532017243135231e-01
3.104549321358220926e-01
2.672519820697475401e-01
2.360594576479017603e-01
2.713960187265903046e-01
2.573263320601332227e-01
2.585927306851359964e-01
2.709338565315640990e-01
2.613082191669670040e-01
2.674431107438019484e-01
2.471097745092271647e-01
2.472482982833800469e-01
2.358494625225992514e-01
2.805882536057032750e-01
2.660634182700541417e-01
2.257909705608668050e-01
2.754706872209654600e-01
2.539220454348758982e-01
2.340949842728850816e-01
2.330454077188193196e-01
2.097627645400411134e-01
2.265526130002612215e-01
2.560990746484374525e-01
2.169768126936613695e-01
2.644914765316778715e-01
2.348136507512948723e-01
2.523552664165386039e-01
2.456762733632090190e-01
2.231455413368386154e-01
2.269254168605037147e-01
2.328820689695216828e-01
1.939258231277111721e-01
2.416514061235541244e-01
2.643364224557561704e-01
2.460633536443044833e-01
2.429683904338117983e-01
2.059220242301956216e-01
2.236302809637546185e-01
2.106010374683348618e-01
2.418706920068101618e-01
2.426363893438322206e-01
2.023762927639151665e-01
2.408957164793599226e-01
2.281205222061270244e-01
2.297620403547392665e-01
2.291140625235748018e-01
2.376294582338254746e-01
2.082644951655202858e-01
2.432990202059405471e-01
1.999090872147394615e-01
2.255165898683105519e-01
2.203566028488130046e-01
2.129017891506103655e-01
2.085429670347825337e-01
2.156155737117101123e-01
2.025380059729255944e-01
1.927791894217502078e-01
