1.202283651533107900e+00
1.072974517564097230e+00
1.106696412285799624e+00
9.509330860872277080e-01
8.445185750825379145e-01
8.950624960637281191e-01
8.653487890033376706e-01
7.619388685160607411e-01
7.176570941289028838e-01
6.611906041309001392e-01
9.427753597340651215e-01
9.983414267097950878e-01
6.997471973038223991e-01
5.764458011498763135e-01
7.116597238709885254e-01
5.575330700644997028e-01
5.417667807490815779e-01
5.650103454938720793e-01
8.958669674245728354e-01
5.061489548009264761e-01
6.681687799701220287e-01
5.231002756098984685e-01
6.444712534088090639e-01
6.040544058760952684e-01
5.635142388415557146e-01
4.126878940352883829e-01
3.935080021672324735e-01
7.093609832573396501e-01
8.009309877806674027e-01
5.918787453225740069e-01
5.671627534538624671e-01
4.104706139685833088e-01
2.761320317171454541e-01
4.616550964703043936e-01
7.525715873598382011e-01
4.561683603015692645e-01
4.663597079025058600e-01
4.396148321719582919e-01
8.206281084117612590e-01
6.345542783760046435e-01
5.586676371481180681e-01
7.337186943220771473e-01
4.799202289184426595e-01
3.909480092856298938e-01
6.502128956319280784e-01
5.416228112581051857e-01
4.807701264772289429e-01
3.317197330005309253e-01
7.560754799781486124e-01
4.407778348420899883e-01
4.065428463823295147e-01
5.802900908097486932e-01
4.778713230524586630e-01
3.257152676346056763e-01
2.005708387932547687e-01
7.789895076846468092e-01
4.498390530366770390e-01
3.970914434971012374e-01
4.649194131468855629e-01
5.227455864396050034e-01
7.703508760232020691e-01
5.841902842260305873e-01
5.110566088161307974e-01
4.417767253162945273e-01
4.549298171572528915e-01
4.172739264012940152e-01
4.377250322206439614e-01
2.769245233696148167e-01
3.530648192912044236e-01
6.412480216203553240e-01
2.798484787004925645e-01
5.442647390724676404e-01
6.422505805023117631e-01
8.135233039003157973e-01
4.914598349777922759e-01
3.945364293136396916e-01
4.402204893838279065e-01
6.723308034809356570e-01
3.124945675846332316e-01
6.334711325195956366e-01
4.870527062618429381e-01
3.359572857647958877e-01
4.289215547470942580e-01
3.720206550477890284e-01
3.722509528417263236e-01
7.069697584332947926e-01
5.499975179973743966e-01
3.171597574772830885e-01
4.850311727983526167e-01
6.745391353399623480e-01
3.090539563066700413e-01
3.443265855428392919e-01
7.461787939344682874e-01
3.302163019303291369e-01
5.599146992317401983e-01
5.256730560681305287e-01
7.363529891999618382e-01
2.956532354140296581e-01
5.370216402803207334e-01
6.327249186390865310e-01
