1.230679238764303074e+00
1.023420559850358957e+00
8.960125430962513349e-01
7.842006036475023256e-01
8.879506694810495038e-01
6.814573222517612550e-01
6.220566794428796786e-01
6.048454568719726643e-01
7.336503681909469776e-01
5.395203700834373395e-01
5.939009596192666995e-01
5.742580869199126470e-01
6.815358083875031614e-01
5.231057075209590845e-01
5.644598737197026317e-01
4.506824339141567437e-01
5.517675617371966545e-01
4.768586954767667363e-01
3.290815524609079779e-01
4.503043882307921630e-01
4.939007361600145640e-01
4.166194724791519866e-01
4.482079925611911486e-01
5.334013112099180720e-01
4.903538322763408841e-01
4.778486211618171997e-01
4.932660942728158138e-01
4.045841395690084608e-01
4.213707400778722301e-01
4.320965354600502795e-01
4.460006956364344077e-01
4.678959966044916596e-01
4.327753109846462776e-01
4.122129342643871541e-01
4.979716576811014650e-01
4.338265602550736011e-01
3.874001803229182306e-01
4.055543042115556385e-01
5.106076222756513738e-01
3.645258658911599281e-01
4.175850551797240517e-01
3.861546339935034711e-01
3.509155202271963536e-01
4.811904240005043798e-01
4.390121608267331110e-01
4.273571088995289924e-01
3.859298151379572106e-01
3.901509480767861304e-01
3.511224340999106741e-01
4.555108912653429987e-01
3.995063233844795003e-01
3.464909456357860296e-01
3.768706350068761202e-01
2.929493661211389766e-01
3.378548503980858819e-01
3.361052938530938450e-01
3.401584318683553154e-01
3.063146677147300934e-01
3.823209803965948450e-01
3.797557555473368152e-01
3.924133695841208747e-01
3.141220717666012296e-01
3.023787567747957539e-01
3.537426712917873806e-01
3.471746973146563331e-01
4.026943838195148340e-01
2.655181113761841960e-01
3.771518960811146015e-01
2.679604806575601739e-01
2.982690287032810916e-01
3.683069355054481298e-01
3.279667839661188911e-01
3.008252101051276384e-01
2.899012998052923340e-01
2.895972470808109156e-01
2.166334977960842068e-01
3.058097492981247112e-01
3.096013613076168403e-01
3.082546429088451334e-01
3.401037726159897856e-01
3.130915413159869320e-01
3.588847755801324313e-01
2.947834590536021482e-01
2.138582510701002026e-01
3.691613721597740705e-01
2.551897394649022544e-01
3.850592926009351880e-01
3.091768607298452931e-01
2.455140670022265825e-01
2.935879265323870224e-01
3.492786462741630515e-01
3.200025219373840990e-01
2.870913232618477196e-01
2.418492029768835871e-01
2.584880990892563513e-01
3.141533809843610192e-01
2.609404247390745835e-01
3.349017305131433142e-01
2.219103264240277207e-01
3.031576156917578646e-01
