1.312829250821045513e+00
1.702479328836004058e+00
1.315371224372869685e+00
1.533681129544736788e+00
1.783693188768885607e+00
2.141978724483178720e+00
1.233579592571157679e+00
1.205000441794002786e+00
2.046315560965310976e+00
1.297402944043663187e+00
1.082160550849955660e+00
2.261076359631937205e+00
7.171051357292703710e-01
1.143801904545446391e+00
1.068889185739829051e+00
1.118727527079423689e+00
1.334388246457018701e+00
9.777676323693510474e-01
1.211926138878814729e+00
1.168369677733215983e+00
8.716998768019534882e-01
7.497895795469954328e-01
7.692438443371700796e-01
8.731960867682383443e-01
9.926789902580221980e-01
1.041565660970315221e+00
1.018222506916416581e+00
9.444557238818100942e-01
1.075505775887918292e+00
1.461684737555209335e+00
1.074253422520345058e+00
1.081967589950336706e+00
6.140356301918389326e-01
1.220138120089613087e+00
6.086094001742698989e-01
5.664315617941911851e-01
8.082639344604242160e-01
9.948112953173380291e-01
9.682544260121114243e-01
1.074448239603449595e+00
5.930029015988111940e-01
8.524792282109607822e-01
8.347576310694038160e-01
6.049674398697438837e-01
1.030396968409980740e+00
6.341457862423230951e-01
5.933451776592919558e-01
6.845041261802294885e-01
9.584699447869086120e-01
6.634807082358747943e-01
5.791950262673494221e-01
8.936670406805793387e-01
7.895701532939537470e-01
5.482228996231783835e-01
5.506464940398221319e-01
5.672394479570230796e-01
6.576398175922296696e-01
4.320929410398036685e-01
1.074660701883372926e+00
8.850825197572806946e-01
8.200511001530177424e-01
1.030589610173093584e+00
6.338742478386617529e-01
9.358879578951745382e-01
5.533091916891926809e-01
6.619785052738799136e-01
9.085878941056924063e-01
7.430507392705314462e-01
6.876171689231451722e-01
8.847825656396868244e-01
5.253630002709770430e-01
8.954537728832896448e-01
9.559108720400504300e-01
6.634128508569658855e-01
5.798369252659668627e-01
7.875133715806563739e-01
1.249986744873994304e+00
7.816311937731114101e-01
8.827504152808384186e-01
7.120665035339899251e-01
7.565893647946557721e-01
7.047578862384109577e-01
4.595232135212114488e-01
4.715432011193247952e-01
7.619670507996862963e-01
9.797640875447541919e-01
1.027125418804571311e+00
6.618104994848235112e-01
6.347799440417143391e-01
5.533052669487309450e-01
9.129002932639467272e-01
4.444376886947938310e-01
5.596164324501202714e-01
6.116088111356773327e-01
8.300165426940656621e-01
6.092227799127003518e-01
9.159771525337809805e-01
1.122699842552344229e+00
8.008569834895048478e-01
4.337359937666896981e-01
