1.729373457597361607e+00
1.373001597192551992e+00
1.280205079052183281e+00
1.173742819693353479e+00
1.162669203264845796e+00
1.247691312299834321e+00
1.204073875149091144e+00
1.068168779214223152e+00
1.305410959190792530e+00
1.075493526400791211e+00
1.249010990328259352e+00
1.163441333207819284e+00
1.027678243882126141e+00
9.576847178282008599e-01
9.666542557544178793e-01
1.016076736938622327e+00
1.157128022611141116e+00
8.663608344561524177e-01
8.517815959184534824e-01
1.032770141777064943e+00
9.804460052897532307e-01
9.254694915728437499e-01
9.043688094864288374e-01
7.130300181607404086e-01
8.375365676730871511e-01
9.330916721208227793e-01
7.046055101106564189e-01
7.141099295599593333e-01
9.613101126543348585e-01
9.519239065382215648e-01
6.849256857236226681e-01
8.230281408048337743e-01
7.989114116008083633e-01
6.773600009000965150e-01
8.628590680493249954e-01
6.726996100880207052e-01
6.162820161009828768e-01
6.670082881177464840e-01
6.075802240624196271e-01
6.938745768244066747e-01
8.235649637877938689e-01
6.835465473888650001e-01
8.172016966881022748e-01
9.050411468992630715e-01
8.412899643865725530e-01
8.453425849684409465e-01
7.203470929753450491e-01
1.100087683317251708e+00
7.189610944564143180e-01
8.771796605860194829e-01
7.298453561527032951e-01
7.401170987268494983e-01
7.514780617163827614e-01
7.307677813195104788e-01
5.680507411828471520e-01
4.269859450331165429e-01
7.276690619128446391e-01
6.933705660949150973e-01
6.309008379508223019e-01
5.764845560139252312e-01
6.527264139361473871e-01
6.441723741932460223e-01
4.872204675090809345e-01
5.331608022045758455e-01
4.359576616788076731e-01
5.562514772504153493e-01
5.506440855873128148e-01
5.715005992399529999e-01
5.139889294136729125e-01
7.103053513521121465e-01
6.065463096141401333e-01
6.338187223771173384e-01
4.838373218921738217e-01
5.187012692075222420e-01
5.453181151186839992e-01
6.284783274380284501e-01
4.567038511360684283e-01
5.396478444518936213e-01
5.353375140546511313e-01
5.192833534431540166e-01
5.612725622589803676e-01
5.693172374274581005e-01
5.629366703447885589e-01
4.149813159958768982e-01
5.048899305265189819e-01
3.899953694915812008e-01
6.237842241974754787e-01
4.863677244467867200e-01
4.944212189678929836e-01
3.721848658306730617e-01
4.675508221758839511e-01
4.003668126298321472e-01
6.441680669091227607e-01
7.007780632055881087e-01
4.116560255725765227e-01
4.538669515276949062e-01
3.631755166909553800e-01
3.958193138283159773e-01
6.311679245764389989e-01
6.290919141816752047e-01
6.908426062835174575e-01
3.982695932293103813e-01
5.596934769633743478e-01
4.612827595413868664e-01
5.721536724693659925e-01
4.361193333757626966e-01
4.329454673221334038e-01
3.845705055688611318e-01
4.448777812395968145e-01
4.107830750016082111e-01
4.342702625803132044e-01
5.142719451318650270e-01
3.235077160076859082e-01
3.167149699494863357e-01
4.758147012521254382e-01
3.574222539578719715e-01
3.167424781201407247e-01
6.640680079819221149e-01
4.386893726792186476e-01
3.183057796507556270e-01
4.134864640424751880e-01
4.409469242564712510e-01
4.423544981907536200e-01
8.363097567618306138e-01
4.358508037426509496e-01
3.856936960051663976e-01
4.994137092395167787e-01
4.115537601331662465e-01
4.527390243185477892e-01
4.524184893964169341e-01
4.052053431565096897e-01
5.873201956418858671e-01
3.234003432123508381e-01
3.491977294624989958e-01
4.940710969571955324e-01
4.457727599383281003e-01
4.923624211866666767e-01
3.235683255367136635e-01
3.416185183675648496e-01
3.836881710115510047e-01
3.406033954337342462e-01
3.517795248492620597e-01
3.722418052902341512e-01
3.346664352282985866e-01
3.196187324040672961e-01
3.610976010452334184e-01
3.402401990275960020e-01
3.495124130913366822e-01
3.723770975259442229e-01
2.840557190365183837e-01
5.445085572373741245e-01
4.106921098422673388e-01
4.184463825023784778e-01
3.113125722383200400e-01
3.149866591369371305e-01
3.736508134245459245e-01
5.123068014801376302e-01
3.177986971303147778e-01
2.990155705661486363e-01
4.112493456431871586e-01
3.748607194008783949e-01
2.879601971797334237e-01
3.124729104043864614e-01
3.688440698266235995e-01
3.694940139231039367e-01
3.885880086451975468e-01
4.961171079861621536e-01
4.536662450454767015e-01
3.608246053391808705e-01
3.011607571838572084e-01
4.668028338715602410e-01
3.589840753170817078e-01
2.640807679204994485e-01
3.041886051358758114e-01
7.121200307194763823e-01
4.371436968355070785e-01
3.643729646233583863e-01
3.750859375250810146e-01
5.437293138843961593e-01
4.628423715589775056e-01
2.589090443729785140e-01
3.978232736026661165e-01
3.228668619568149656e-01
3.316507718926813286e-01
4.708998232223611247e-01
3.284420919305800490e-01
3.172694403154309173e-01
4.347323678070420527e-01
3.754013443221467239e-01
2.732413362002827917e-01
3.341461900081130199e-01
3.928520806862960124e-01
4.017514827955488421e-01
2.964409413468092613e-01
2.909146462847840842e-01
3.013136224620069359e-01
3.449425837450285637e-01
3.777579679426788517e-01
4.119617158229165188e-01
3.883073498513032185e-01
2.317204063508931100e-01
3.047735208263394058e-01
2.536542889113641563e-01
4.941295162079850090e-01
3.619977897794968702e-01
2.669417021020005776e-01
5.105207474847945903e-01
2.219318923889659345e-01
2.386790234907271435e-01
2.849063081407479658e-01
3.993079543276528143e-01
2.532908024985550122e-01
3.386053980975702871e-01
4.093180672662047326e-01
3.472006771599667196e-01
3.779944733859156858e-01
2.128581978586347179e-01
3.742716265830030586e-01
4.268772507184055431e-01
2.986514216337430305e-01
1.980543347616912919e-01
4.017408281338348819e-01
2.099424645269755141e-01
3.377117349522369416e-01
3.210766079244462556e-01
2.676125317976563722e-01
4.500882922723799529e-01
3.532038546956351444e-01
4.440062961102618222e-01
2.566609972029497699e-01
3.094253050952425199e-01
4.584558482921501921e-01
3.147575303432920135e-01
2.863039927014485730e-01
4.332375714114298226e-01
3.691103647761175832e-01
2.635308943332509424e-01
3.402962905614468347e-01
3.274560728839666646e-01
2.677263881270482426e-01
2.992269537266434298e-01
4.992196642336137469e-01
2.604075340600360833e-01
3.889392016779876227e-01
2.426807829416308682e-01
3.143838299015381255e-01
4.441995797031430548e-01
4.494276549097331874e-01
2.839256009912868861e-01
3.127620460296101079e-01
4.891739661578320963e-01
2.720425688385148533e-01
3.687195684229178649e-01
2.547518651710642401e-01
2.831045995249749647e-01
4.888327120454212249e-01
4.174584857391892001e-01
3.559560117605562457e-01
4.127115964985246244e-01
3.346764258160773164e-01
2.396745614121512657e-01
3.146037578842111326e-01
3.982755984689316242e-01
5.094676526718184828e-01
2.931388749470513755e-01
2.995773176437878105e-01
2.891487351066381328e-01
3.046148490784172380e-01
4.418384809543849934e-01
3.609222938329912922e-01
4.204968089513972385e-01
2.773664529504700771e-01
2.186575961481947716e-01
2.525689330131636323e-01
4.267314061326194508e-01
2.414648493396331919e-01
5.317270999265989451e-01
3.220131249243342042e-01
3.553287470031581408e-01
4.850096383668682787e-01
2.024880944519019399e-01
3.046300647543668250e-01
3.503233793766573623e-01
4.068608142219535817e-01
4.472607361972848472e-01
3.729995052697874791e-01
4.062789919332135402e-01
4.240807491716824806e-01
2.197818038379773797e-01
4.894322708068001848e-01
4.108509379807703810e-01
2.173868903215366577e-01
2.425527255715698993e-01
4.612288673354972279e-01
4.204727245543876113e-01
3.374137197137719313e-01
2.837827200482004320e-01
3.613957065023957749e-01
3.655650177386188804e-01
3.433326250586994921e-01
4.173421549887523230e-01
2.809374617496440130e-01
2.428299422482490810e-01
3.457272954700359446e-01
2.000592102263342442e-01
5.100840598114397828e-01
3.811243506986971563e-01
3.405852032670453333e-01
3.401487921649823387e-01
3.059552560570752977e-01
1.690931569111611132e-01
4.786879975896509709e-01
3.933069204400008734e-01
3.039032445382892633e-01
2.973228660940691048e-01
3.005612110327637865e-01
3.851177098217724581e-01
3.772283501204219403e-01
3.926508475781884111e-01
3.401662995104885456e-01
3.326656871399609194e-01
3.697333428029863645e-01
2.624650320148793625e-01
2.570011022210302309e-01
4.092108843342349700e-01
2.154133119191586065e-01
5.390868518674849508e-01
2.979181886948127911e-01
2.936738963946765035e-01
2.977120574422749688e-01
4.184475749190055827e-01
2.096029558753232658e-01
2.355953699188992612e-01
3.881884763924365878e-01
2.220771888342116529e-01
2.790514914713761452e-01
2.994910560789745824e-01
3.127443446786168924e-01
4.591159453153119130e-01
2.552908041290195551e-01
3.009319148373227892e-01
1.841592762524831006e-01
2.778606120931443879e-01
3.147081422065821088e-01
3.455363381931277900e-01
1.598148252051841134e-01
4.176278593240163040e-01
3.907496318345268782e-01
2.935595266933766490e-01
3.698073343775549193e-01
2.366848007885467009e-01
3.744507592307328991e-01
2.824658547652911245e-01
2.937193813353790039e-01
2.133461814779882004e-01
3.163943555527495843e-01
3.628178029834088769e-01
1.978425290054939278e-01
3.802863059370105714e-01
2.016015350998269229e-01
3.497204351975879977e-01
2.633595319196602724e-01
4.996013844645736390e-01
2.099826966026901720e-01
2.831481950161348626e-01
4.140502455561323458e-01
3.036820204059929584e-01
3.692016890639853166e-01
1.979102922850951296e-01
3.566221539545383901e-01
2.285876044297138476e-01
4.117495354967993237e-01
3.182577785247364122e-01
4.093819321801735467e-01
3.402944500023376562e-01
3.064576390388780158e-01
3.723105194299002885e-01
3.766084388446243048e-01
1.782028372072575750e-01
4.773329267279284305e-01
3.024619053893386478e-01
2.062668155574647333e-01
3.034032157270283303e-01
2.905842900386131911e-01
4.335253993767804737e-01
2.975337785556823600e-01
1.647850952451699602e-01
4.579510990770763179e-01
3.663981215757989851e-01
2.759103562655218500e-01
3.369128157000846335e-01
3.137311577074433644e-01
3.827267793794777440e-01
2.686355857935430191e-01
2.685931942922696880e-01
1.925496325164810230e-01
4.352831519658068582e-01
5.109824928556271351e-01
2.184635210546548578e-01
3.206442123438238423e-01
3.084664363278877830e-01
5.780633991979348130e-01
2.341302295981303183e-01
1.826512075030768678e-01
2.787247716277165277e-01
1.734774924579243205e-01
3.710247096713929493e-01
2.835358058160636352e-01
5.041650783831331806e-01
4.359061526940463671e-01
2.661290571184104503e-01
2.583603936880050633e-01
2.429406408935836925e-01
3.721201209756934136e-01
3.864592718879673039e-01
3.126919205683952874e-01
4.771305434947781254e-01
3.404462228460194972e-01
3.206588768378746956e-01
3.341017870134722068e-01
3.697358691927507546e-01
3.603029401196787274e-01
3.415585151505364792e-01
3.681546350157198777e-01
3.518643413012896848e-01
2.550188161039841916e-01
3.288788933369666823e-01
2.021693086085077917e-01
2.261640069173558310e-01
4.281158600258640479e-01
2.881451307346449275e-01
3.032751138170796112e-01
2.718984546910440669e-01
2.139452674840423008e-01
2.887508416673841283e-01
3.287584130887827860e-01
3.295077056538623927e-01
3.467704719721546591e-01
3.741606112145947627e-01
3.417940963400016852e-01
2.721401509906960503e-01
2.315600759687610199e-01
2.517838282116038884e-01
2.016278120452868194e-01
3.178092532868645459e-01
3.545361561993518595e-01
1.934481860432424316e-01
3.231692847051736428e-01
3.701741513243178017e-01
3.089622553135227823e-01
2.078238565976304741e-01
3.397201100111245098e-01
2.104064721123884707e-01
1.804156061335460137e-01
2.341438388195335174e-01
3.456110881601408558e-01
3.332847175500016079e-01
4.123524589452589040e-01
2.537014107190770917e-01
2.176039990010758540e-01
2.254968969376608678e-01
3.896096121552303226e-01
2.935239383355332521e-01
4.200645706277120195e-01
2.397417734971127867e-01
2.768079466518267862e-01
4.446883696599656655e-01
3.993365747011072830e-01
2.993294039782166682e-01
2.277480807327568468e-01
2.933893575124481568e-01
3.829113950121165177e-01
3.070974096864746428e-01
1.829468322218917864e-01
2.218903659475391643e-01
3.449553709387611078e-01
4.563048860155039521e-01
2.623865348686134635e-01
2.974683809238478083e-01
2.562891212233484595e-01
3.951909119903575518e-01
3.008169082286379914e-01
2.063667567081170773e-01
3.044710091482475955e-01
2.921475818385644851e-01
3.178531782429167007e-01
3.467365536115498692e-01
3.216050433320984947e-01
4.056364150762965526e-01
3.240223407288107538e-01
3.216800669405104895e-01
3.022399853798884428e-01
2.443777737287382568e-01
3.900610549205481559e-01
2.931698104527539761e-01
2.219353117757499605e-01
3.224600778071261553e-01
4.027966504572476070e-01
2.165426831883653092e-01
2.314610946304229422e-01
