1.693125192324320238e+00
1.211111458871099611e+00
1.090755919482973013e+00
1.046253632439507308e+00
9.963079143232769219e-01
9.509511032369402095e-01
8.952294495370654026e-01
8.514283063014348452e-01
8.043983106149567019e-01
7.703674017058478318e-01
7.424439172612294913e-01
7.165646720925966662e-01
6.933533570004835056e-01
6.713167341881328687e-01
6.547645007405016315e-01
6.421212231947316385e-01
6.250034757289623100e-01
6.088429149323040246e-01
5.943083203666740255e-01
5.923950396643745675e-01
5.712622126274639056e-01
5.686047385053502046e-01
5.515438527613878428e-01
5.418770127329560760e-01
5.471973861422803065e-01
5.297064013861948473e-01
5.222468851175573468e-01
5.204751376062631829e-01
5.105583095053831677e-01
5.028861693541207822e-01
4.953061397456460235e-01
4.914726623064942235e-01
4.861032048778401449e-01
4.817895113676786134e-01
4.768242772337463187e-01
4.762213985539145433e-01
4.675614334394533889e-01
4.658105357943309599e-01
4.601927002271015699e-01
4.498890323274664649e-01
4.478488933750324197e-01
4.437230131940709810e-01
4.409357351540690861e-01
4.394629318805204909e-01
4.390972098252838851e-01
4.293376763578918287e-01
4.253599555873208704e-01
4.265115863219317571e-01
4.204148950510553928e-01
4.178798409054675922e-01
4.195916628423664307e-01
4.094001097211407703e-01
4.070456136266389913e-01
4.062676318062262149e-01
4.040781125374552363e-01
4.075548902009096253e-01
3.965472927151454940e-01
3.911219584279590489e-01
3.902644336264994851e-01
3.884674025140702480e-01
3.862499995032946387e-01
3.883909945272736586e-01
3.830036242927114531e-01
3.802173952199518481e-01
3.752092171232733198e-01
3.734028932038280790e-01
3.677589550614356884e-01
3.685087306052446388e-01
3.643735957321607155e-01
3.624366065590745589e-01
3.594253211344282106e-01
3.593257438039614282e-01
3.587203413154929632e-01
3.590043489428030310e-01
3.496416929705690180e-01
3.489901198886541933e-01
3.463050427908698214e-01
3.412774449162598867e-01
3.409648190506009424e-01
3.453493107182697419e-01
3.403129218968872771e-01
3.490012200275021681e-01
3.298074159191714538e-01
3.343333866664519038e-01
3.352439747393752278e-01
3.324205362594996327e-01
3.319346005981788639e-01
3.276435004686936714e-01
3.265443302458152508e-01
3.185620477148849439e-01
3.251025255430593508e-01
3.130521691761289915e-01
3.198429270781990574e-01
3.128770239301956746e-01
3.116152547796567363e-01
3.065921552869905198e-01
3.064310096227563784e-01
3.079807781309096271e-01
3.101039781160135345e-01
3.026221419684589353e-01
3.041188883901729256e-01
3.023791350124196975e-01
2.926874891284387825e-01
3.032420761223571515e-01
3.004354052214572302e-01
2.887926518074365734e-01
2.958334225617969548e-01
2.954148860646819141e-01
3.044826425849977980e-01
2.883761890932348138e-01
2.887353456061747536e-01
2.833640036656934758e-01
2.915074285184447445e-01
2.872782666471579427e-01
2.842419244826305813e-01
2.751076262981708709e-01
2.803138550082480696e-01
2.784511224321451484e-01
2.780408907804586272e-01
2.818635153540202665e-01
2.726129026002147016e-01
2.729339135580489129e-01
2.702879474526788672e-01
2.616913750551692619e-01
2.736245799183639194e-01
2.648227270045835358e-01
2.657994621707540084e-01
2.655931569750989985e-01
2.574334513235630451e-01
2.614163383729949941e-01
2.652060291088289556e-01
2.566226713273823123e-01
2.617123114346112112e-01
2.540741623022282902e-01
2.618573956187659202e-01
2.516162440603107453e-01
2.513904261893670777e-01
2.492665654502343175e-01
2.527950012267360380e-01
2.510039451643307218e-01
2.380412836960749956e-01
2.491911532127092099e-01
2.564765444604240052e-01
2.389848221472412604e-01
2.445251519506564108e-01
2.407380128394449870e-01
2.480960489801671276e-01
2.407515116683983381e-01
2.463251184406302086e-01
2.385320589071812380e-01
2.370188480039845114e-01
2.391039911630408188e-01
2.394915992080415001e-01
2.352045168812360310e-01
2.349298205218575963e-01
2.365519527463604554e-01
2.328330071492301923e-01
2.308561209786825774e-01
2.418426897080887261e-01
2.257440827136937000e-01
2.361021120251583783e-01
2.287342517147449017e-01
2.312104829879050583e-01
2.305332610086447132e-01
2.251411633613235042e-01
2.284066302840478402e-01
2.195194242153633291e-01
2.235118312612758285e-01
2.190103299788056790e-01
2.191633860439065051e-01
2.237335343406690324e-01
2.267831202813734570e-01
2.179543116106975320e-01
2.147712584542265934e-01
2.181726945923421201e-01
2.263494985859789421e-01
2.166752876279901541e-01
2.242091018612457631e-01
2.093617806791735203e-01
2.188587235894212668e-01
2.177834846490360465e-01
2.148239312282142210e-01
2.109012319384944989e-01
2.173773000366539254e-01
2.155691251201076186e-01
2.117067487228713185e-01
2.137827866699242574e-01
2.080719943423819940e-01
2.087710330243701395e-01
2.131768983837294684e-01
2.097621402509685096e-01
2.062760137948013439e-01
2.058459500257999453e-01
2.093861351104957247e-01
2.047780204089859613e-01
2.145985705237964947e-01
2.108710016316682478e-01
2.041309758119738971e-01
2.123757389392064987e-01
2.037819708966789045e-01
2.050339939452694715e-01
2.086711188976510811e-01
2.082558667149957687e-01
2.063159980442530461e-01
2.031861303685339459e-01
2.023134241860760907e-01
2.047656992140077514e-01
1.996487078751346678e-01
1.994423616340726679e-01
2.079458795756282674e-01
1.945474416808348206e-01
1.994237014592201707e-01
1.950028935788820361e-01
1.968816744702699684e-01
1.972419782647597541e-01
1.921588737952455161e-01
1.999234282001756124e-01
1.952576094333522139e-01
2.021567339761855264e-01
1.860475899688188439e-01
1.957750005677856564e-01
1.878453997623485694e-01
1.972230108756856948e-01
1.915185733430714576e-01
1.963987993975751800e-01
1.861337477798143125e-01
1.879819169559696912e-01
1.908023286214059200e-01
1.910858739936116268e-01
1.922154535307102619e-01
1.913028912555132244e-01
1.906053764159635622e-01
1.876545690618675322e-01
1.852562426821613151e-01
1.903443599326419822e-01
1.822499634735201546e-01
1.838661365270915227e-01
1.808187942218258681e-01
1.829578189691367374e-01
1.847836542740211863e-01
1.815328941957785602e-01
1.866911609328235633e-01
1.807769008689178447e-01
1.771070126514273646e-01
1.855481192934449741e-01
1.840551046532022672e-01
1.835626313295506407e-01
1.796800198039919527e-01
1.807699158211471813e-01
1.800651414639368453e-01
1.780648627321837207e-01
1.782592999706523462e-01
1.701612889996128308e-01
1.760549973893082987e-01
1.804826288998204742e-01
1.761936268954822360e-01
1.819028019416145947e-01
1.761149540096974275e-01
1.708104253969860153e-01
1.767053469720283598e-01
1.762057257887984785e-01
1.718181695883039539e-01
1.761374860823949895e-01
1.715299617722081116e-01
1.773009466996073868e-01
1.682933828521749053e-01
1.665493959888731668e-01
1.721210404176397590e-01
1.740629497668285675e-01
1.680557466941071665e-01
1.735456397211601054e-01
1.720723977016071771e-01
1.725845531507204100e-01
1.657601250351541100e-01
1.695055313360515070e-01
1.665720377299395594e-01
1.660284445636190931e-01
1.665641868930348990e-01
1.676219841232442498e-01
1.652156524337462795e-01
1.604633262570132335e-01
1.619624890111380500e-01
1.643590555670541853e-01
1.659843670976488272e-01
1.670140173049326771e-01
1.635223574343965258e-01
1.568787043132922887e-01
1.608507092355279666e-01
1.587241358677541347e-01
1.597669964271780374e-01
1.602801906964487211e-01
1.595595979329825775e-01
1.609096638450419892e-01
1.636316255742106818e-01
1.496562829646346793e-01
1.572320186902379791e-01
1.572820146068518998e-01
1.561221680079648289e-01
1.606281641439191998e-01
1.578458694352957714e-01
1.538467521997194665e-01
1.515413066655391106e-01
1.498890493064067575e-01
1.532403031146633010e-01
1.542321332573515502e-01
1.545769095524560377e-01
1.533147495070483757e-01
1.514332349213125539e-01
1.546599822475198394e-01
1.531722133048566137e-01
1.508401375290769619e-01
1.522999532030533121e-01
1.547126732009443673e-01
1.441933825263751745e-01
1.425042589144262239e-01
1.516760550328470070e-01
1.469746492488128442e-01
1.529722746840141701e-01
1.438242918364226464e-01
1.457486025698553067e-01
1.520918078967739839e-01
1.454127026932029443e-01
1.458604234794105003e-01
1.475308962607879415e-01
1.509446339381692315e-01
1.500346129099630887e-01
1.374589657301637791e-01
1.432531485973433938e-01
1.439629507202264402e-01
1.384958110090479255e-01
1.420454722369949019e-01
1.478820122003768611e-01
1.382634316258433138e-01
1.403759946513586654e-01
1.407808272101828961e-01
1.367645079379063711e-01
1.417170310240352393e-01
1.405801085508473214e-01
1.423432459243819392e-01
1.392998145462337745e-01
1.425632138158673123e-01
1.365665767417683918e-01
1.326736635009021781e-01
1.377669342986640455e-01
1.442674160283655138e-01
1.382952156261328669e-01
1.372097508061475846e-01
1.423954131104276100e-01
1.440085303459292809e-01
1.331902631224410327e-01
1.386519272021491389e-01
1.400777216389107738e-01
1.316443223337895041e-01
1.264772374754453421e-01
1.300016590810796902e-01
1.330974392840087450e-01
1.313804633673462396e-01
1.356734808734876563e-01
1.356748213999114661e-01
1.330224178997620188e-01
1.361443915613280153e-01
1.296505919813797647e-01
1.278396234905912476e-01
1.278829426345833298e-01
1.336292406473694461e-01
1.272416888594888329e-01
1.239815184407113136e-01
1.347913343762921767e-01
1.348900229936316475e-01
1.274168109734050980e-01
1.282295882269075815e-01
1.254694530548534359e-01
1.306977620502140225e-01
1.242111077928236829e-01
1.267963395697127849e-01
1.326471733080122894e-01
1.332342200596698112e-01
1.257856676295391885e-01
1.298798418242738950e-01
1.317326564616329576e-01
1.256130428175553371e-01
1.281555657929922820e-01
1.217454990145233618e-01
1.266457049847920235e-01
1.250609987630398046e-01
1.249292820644313934e-01
1.173099510840064780e-01
1.237058711846536069e-01
1.207710809651684342e-01
1.274948073782883884e-01
1.221676319075818001e-01
1.222675297190885940e-01
1.270507898233841360e-01
1.268635298134947187e-01
1.261386005276047551e-01
1.218612654230976783e-01
1.213090870606144400e-01
1.257973243565447818e-01
1.242533938122623444e-01
1.245713176491457103e-01
1.233546561563465122e-01
1.219960664387119559e-01
1.212922651412231545e-01
1.179275662362690297e-01
1.214760820587808959e-01
1.280657793014567669e-01
1.211892851692482481e-01
1.180833892125211643e-01
1.192136972160086766e-01
1.177370436043262553e-01
1.146226099172973772e-01
1.188658741764121868e-01
1.161101137192286359e-01
1.172997008794886414e-01
1.176442181487353383e-01
1.176502293579099190e-01
1.141817786938412876e-01
1.099742600194379971e-01
1.184061037447888126e-01
1.150671391918583891e-01
1.166243579288303994e-01
1.189516437159843232e-01
1.133654856097641855e-01
1.176442958910118158e-01
1.135544064228020122e-01
1.174272535745775614e-01
1.179942693279300431e-01
1.165762151424393628e-01
1.177948589816317781e-01
1.129536511480759703e-01
1.090299052350403447e-01
1.105146041916385685e-01
1.173792914763685524e-01
1.168681593049336609e-01
1.170712291579332071e-01
1.112363898332018319e-01
1.181247866639695832e-01
1.166090722769513310e-01
1.060816030335246379e-01
1.096480123697916725e-01
1.160613481422973908e-01
1.130447667258398653e-01
1.093611405247035401e-01
1.152263930208166781e-01
1.111986727329778990e-01
1.177819628693904247e-01
1.179018810863653455e-01
1.067145109226273897e-01
1.119696823302775840e-01
1.093744445299818097e-01
1.078792420497307475e-01
1.063231082678574579e-01
1.040421655544438856e-01
1.111793503349326612e-01
1.084582224074877449e-01
1.081505069282184123e-01
1.082230455213276515e-01
1.136320115625337746e-01
1.160970915051863644e-01
1.139335466670278740e-01
1.078492816037012608e-01
1.069635397651860775e-01
1.126180573712968341e-01
1.057813337525239233e-01
1.109901949995279885e-01
1.117552004126671217e-01
1.076991220208932121e-01
1.080078755069694557e-01
1.073761686587987180e-01
1.031495243748006690e-01
1.072454306244240985e-01
1.105206035087616528e-01
1.065353635290969270e-01
1.083957741507573652e-01
1.014681063374557463e-01
1.102868220440332281e-01
1.100172909599005933e-01
1.064057137685561899e-01
1.072382568934313052e-01
1.091544755298648334e-01
1.113862720938797873e-01
1.098493147939280101e-01
1.104262694319120691e-01
1.059794407579038866e-01
1.076972816264242239e-01
1.074518216870428144e-01
9.962606658502422274e-02
1.027088439832780642e-01
1.116017013546598408e-01
1.050890817462701854e-01
1.073219280345482224e-01
1.109863974430226746e-01
1.053325956057043905e-01
1.034240296459519315e-01
1.049794343740526464e-01
9.886112194282554999e-02
1.084469634202674254e-01
1.075981037933095436e-01
1.065421271697116340e-01
9.755637345336469479e-02
