1.538434611823823905e+00
1.151539014975229813e+00
1.119013292325867548e+00
1.024542146391338893e+00
9.684576235214868989e-01
8.880140978429053034e-01
8.261139052775171576e-01
7.694055352608363263e-01
7.384031780229673991e-01
7.065320498413508732e-01
6.843656302326256435e-01
6.710454921258820482e-01
6.594536114732423293e-01
6.432531008455488752e-01
6.347731461789872798e-01
6.301899691919484736e-01
6.290349718597200157e-01
6.162890459100406337e-01
6.228250243597560631e-01
6.189562658303312537e-01
6.143766543434725502e-01
6.027413538470863807e-01
6.084324875060055371e-01
6.065185035516819090e-01
6.044975406842100218e-01
5.973803155538108811e-01
5.973767701288065224e-01
5.948137572407722340e-01
5.935221544735961308e-01
5.895027733097473188e-01
5.860455896995134806e-01
5.810783465972377826e-01
5.763676808112198069e-01
5.847864038745561599e-01
5.794209659140970858e-01
5.698698963100711223e-01
5.746626165757576787e-01
5.705305826250050005e-01
5.703086969504754800e-01
5.681457538033525267e-01
5.650273105833265586e-01
5.578490592166780448e-01
5.622183582735144070e-01
5.575637387339439366e-01
5.412902752516998151e-01
5.486770839658047239e-01
5.472947257550225819e-01
5.383456099985375332e-01
5.395523316040634620e-01
5.313875001834498235e-01
5.366338276614746050e-01
5.325862901616428280e-01
5.335686591019234148e-01
5.130361573977603173e-01
5.209040782724817520e-01
5.233919838257135027e-01
5.037654288733999230e-01
5.132471712430318744e-01
5.127977820030515943e-01
5.130825860301654329e-01
4.992803737459084457e-01
5.001307568626686129e-01
5.049650969252817978e-01
4.910218391919301539e-01
4.949687580702205048e-01
4.847565648042493902e-01
4.817247651910616657e-01
4.724091840659578878e-01
4.825274637507067088e-01
4.823101916578080850e-01
4.708525606720811996e-01
4.819827328084243523e-01
4.730805586857927403e-01
4.753370630865296764e-01
4.633985504445929937e-01
4.677304369832078756e-01
4.597510816239648856e-01
4.615224539757602495e-01
4.676252239735589900e-01
4.534466763772069808e-01
4.622267344738874573e-01
4.487145131847096735e-01
4.518706637217352884e-01
4.481794203859237324e-01
4.425647374511592624e-01
4.492297995276748890e-01
4.467246268544760035e-01
4.416362729772096984e-01
4.414156096107844096e-01
4.352691141660842145e-01
4.289206549732221263e-01
4.350419132473568040e-01
4.383312530484463898e-01
4.345058081495678515e-01
4.217606177325878281e-01
4.260088319165839521e-01
4.301445605233311098e-01
4.292161743301484145e-01
4.207889314554631999e-01
4.298206977504823167e-01
4.159533849053291821e-01
4.182107624825504022e-01
4.249466187569002074e-01
4.087388462242152465e-01
4.146020360094392898e-01
4.192704696922253116e-01
4.107277956863658042e-01
4.201729729606045183e-01
4.085297756109180223e-01
4.025969854033449313e-01
4.133409735027493981e-01
4.031822252604697066e-01
4.032276943175950312e-01
4.050822230622483922e-01
4.041117607419275615e-01
4.082903693637086051e-01
4.040586287574842728e-01
3.997101530634488142e-01
4.041922789418863626e-01
3.977304149248326870e-01
4.062214146626905720e-01
3.974259480906443542e-01
4.006367979343566366e-01
3.893131569462517927e-01
3.959482584195211374e-01
3.875801894627510791e-01
3.875368179432634452e-01
3.855602022912353877e-01
3.976832948645783183e-01
4.005069027406473747e-01
3.846275241900649067e-01
3.850215078600578988e-01
4.023404516300393419e-01
3.882820380541185390e-01
3.866238564832342739e-01
3.885149697876639774e-01
3.706472209753055025e-01
3.891487046626085911e-01
3.826159279803849067e-01
3.804533405198405327e-01
3.876638999648598927e-01
3.866757756730334616e-01
3.816588593936627860e-01
3.749796464894381010e-01
3.821805902880927586e-01
3.741974056294808393e-01
3.806395568416660602e-01
3.777948435677940253e-01
3.843564069208999512e-01
3.826518149748962538e-01
3.761128628792034245e-01
3.801496867193943641e-01
3.694667603680863999e-01
3.742790436041023572e-01
3.717119245893425461e-01
3.729615710396319561e-01
3.686464236464558897e-01
3.823791496548801239e-01
3.770521396129495884e-01
3.703924426674429227e-01
3.794282859569648725e-01
3.783199853367275600e-01
3.844124191068112872e-01
3.706958031188696823e-01
3.780629544125662655e-01
3.768924454175350269e-01
3.788617384330265625e-01
3.687654906883835459e-01
3.678382256642604986e-01
3.807114212483995175e-01
3.804553892799756309e-01
3.744747852034116531e-01
3.648398328960563153e-01
3.751056591933592532e-01
3.783607468857533296e-01
3.820152357049906855e-01
3.734949294674314024e-01
3.643191511419394679e-01
3.741950445565291328e-01
3.596213526141623373e-01
3.761695111703334260e-01
3.573960395654041666e-01
3.710933847596040724e-01
3.762822781629964197e-01
3.597450764219845554e-01
3.749347842329491809e-01
3.669316653899538649e-01
3.671584589888031158e-01
3.609497988311987648e-01
3.708992629142529585e-01
3.659136913685102077e-01
3.643831500773214160e-01
3.671014387543417024e-01
3.674435283952496856e-01
3.614857575204222795e-01
3.747763572033080415e-01
3.668197776154718537e-01
3.699269622993758833e-01
3.537949460470635188e-01
3.578720376919954926e-01
3.565952303276087032e-01
3.627415039617982728e-01
3.626303874918570536e-01
3.595027832159151671e-01
3.697180872785651995e-01
3.700879214098677372e-01
3.737593491354749831e-01
3.494600510830059847e-01
3.752225392849908858e-01
3.709133249033604862e-01
3.641807297829331436e-01
3.571745684686014055e-01
3.595904724889745219e-01
3.700258907949965370e-01
3.692770326722206176e-01
3.600871385121718338e-01
3.611050045966273658e-01
3.707035564636397829e-01
3.737335038599041148e-01
3.688171739690005446e-01
3.698740661972099164e-01
3.617772435158905231e-01
3.634828431051896902e-01
3.577087909552371658e-01
3.714029657064625844e-01
3.574281079040116382e-01
3.540373048156551516e-01
3.581047518121906470e-01
3.588712392473179524e-01
3.610577269446932358e-01
3.537240284619231900e-01
3.562120951113239009e-01
3.564167053073954983e-01
3.595665118266413995e-01
3.476454737074931578e-01
3.496652988390996364e-01
3.515542157121105959e-01
3.530973416597891767e-01
3.537126033031381400e-01
3.671496162824849918e-01
3.607447108114138490e-01
3.592856229713652372e-01
3.542342022609794028e-01
3.599739093850884419e-01
3.587442579523971165e-01
3.501484382157731279e-01
3.498746999974052252e-01
3.585325746414148029e-01
3.495011639408767135e-01
3.614969340854763957e-01
3.572377314046025210e-01
3.520770176122379191e-01
3.536130826741767930e-01
3.596994339209050318e-01
3.585190853543787082e-01
3.628459375380124197e-01
3.464394110699908769e-01
3.580776211422764810e-01
3.537830330851849947e-01
3.457654688714278390e-01
3.511517070130341645e-01
3.618887169653963731e-01
3.460197960838882203e-01
3.470697357986743392e-01
3.473224422004487777e-01
3.494466811121028083e-01
3.553226879358084567e-01
3.578707272414531904e-01
3.534738409467455544e-01
3.496984784444794325e-01
3.579923863921107841e-01
3.502771435134734435e-01
3.484382004433104196e-01
3.622435666243028485e-01
3.638753390508807084e-01
3.534383566680157629e-01
3.473723345273174168e-01
3.639522631298233724e-01
3.524821900307304468e-01
3.586551528483525875e-01
3.522784976777620369e-01
3.464833950282384945e-01
3.517744601865868126e-01
3.507229794499774900e-01
3.556857153612913436e-01
3.520435781293134725e-01
3.559345269124282729e-01
3.519809004312588474e-01
3.520230068664791379e-01
3.507055970876374329e-01
3.600213609941096959e-01
3.503354019801028785e-01
3.512078456694467388e-01
3.538696485873435438e-01
3.453699852339923715e-01
3.477755194478150957e-01
3.429965019231247525e-01
3.394463202749223307e-01
3.360554683963871692e-01
3.408279235650681360e-01
3.330608764425334045e-01
3.380544005022643184e-01
3.371236369696109514e-01
3.474858375483502737e-01
3.409953261037461103e-01
3.479018320489881688e-01
3.375985002996296225e-01
3.509047540603205673e-01
3.417796673426507503e-01
3.475741662918072628e-01
3.448966185877928026e-01
3.307160837172219980e-01
3.404845096414080285e-01
3.391535310887006660e-01
3.581866562128481202e-01
3.473512534411727359e-01
3.498551953025161865e-01
3.442017066406292680e-01
3.427333941680586471e-01
3.422661563324638223e-01
3.515383228874351951e-01
3.403322897367697109e-01
3.443010667732193109e-01
3.416361933123940875e-01
3.362667045530138843e-01
3.448513668523325304e-01
3.495621675379678162e-01
3.471293794824224510e-01
3.313270109374490402e-01
3.569346066967893916e-01
3.345486204913403760e-01
3.314810583768930119e-01
3.483954724338320097e-01
3.444918365623905743e-01
3.357185364580557718e-01
3.382932960218750229e-01
3.449705501088304316e-01
3.262259031651127406e-01
3.382818133603884836e-01
3.252543033755177504e-01
3.304816182569548233e-01
3.391209473323801848e-01
3.300767630355483928e-01
3.301016817726971087e-01
3.312863000208097763e-01
3.307060244156875828e-01
3.270536822207375516e-01
3.304866976231440323e-01
3.378992130379709913e-01
3.265487463554018199e-01
3.294503847995979839e-01
3.317464991105306127e-01
3.216266562750873526e-01
3.370262306477201375e-01
3.187773855594503991e-01
3.278978680441569926e-01
3.287704915517113968e-01
3.361386146424855670e-01
3.188698487882114518e-01
3.246627512243058233e-01
3.347756520773852995e-01
3.234514498494616697e-01
3.147814498865045829e-01
3.229767415491449634e-01
3.207228198577649625e-01
3.203544419781408359e-01
3.195465657830936501e-01
3.200169994259421391e-01
3.172538024559616865e-01
3.168282432560550199e-01
3.101614125450659620e-01
3.095260076980210218e-01
3.287863009791666125e-01
3.235045236913073330e-01
3.150497440243553715e-01
3.088052698917454486e-01
3.240529486317084706e-01
3.120324281577227521e-01
3.124134728480648104e-01
3.124145135913405924e-01
3.120533682223564642e-01
3.127977052600019459e-01
3.202179011324834401e-01
3.153339700677638691e-01
3.216157714212831142e-01
3.089374792258927638e-01
3.005440862523391932e-01
3.184259441472951924e-01
3.056663572349740954e-01
3.176127539047997606e-01
3.062391734830129941e-01
3.015511389837289280e-01
3.209562940036671530e-01
3.003072759770373801e-01
3.124484814268847499e-01
3.014447179440564173e-01
3.148406817882399289e-01
3.065627902623317413e-01
3.047716768626640982e-01
3.051595900557003693e-01
3.058008403574219991e-01
3.051505604591996379e-01
3.119577217441918404e-01
3.098522030029238761e-01
3.025598585343040603e-01
3.012023906989230171e-01
3.057730483175772895e-01
3.032784147926011475e-01
3.059423832856959513e-01
3.114885860923419236e-01
3.024679621083972147e-01
3.013584698866018097e-01
2.940319464337597943e-01
2.953439499124780876e-01
2.974380158148253184e-01
2.974071128767294403e-01
3.026733397205437215e-01
2.963071290274254532e-01
3.066880834547595636e-01
2.991625797179424118e-01
3.020359866966221829e-01
3.045352743685038610e-01
2.953156937222876088e-01
2.843947287608817320e-01
2.852991885691880669e-01
2.936017167045630871e-01
2.879589793797478481e-01
2.850579618797766668e-01
2.795410173742048365e-01
2.846815885844020122e-01
2.845243527574671250e-01
2.883837414314944780e-01
2.917013699217285150e-01
2.836976318404777486e-01
2.805918437801301901e-01
2.767376811253941526e-01
2.779575458655340614e-01
2.924365624896017590e-01
2.848701967141176739e-01
2.851266270279949055e-01
2.897388913445239633e-01
2.861450864153448626e-01
2.909752332022051413e-01
2.780397582020506797e-01
2.832986372075780857e-01
2.755094595526073609e-01
2.897343244138432250e-01
2.714060336809294705e-01
2.776277349555554275e-01
2.693536891665360700e-01
2.788361017734535818e-01
2.800859025160833404e-01
2.698912210749565554e-01
2.786056197833710057e-01
2.793420053175133533e-01
2.751454573223166000e-01
2.735258127135846151e-01
2.725582063535047506e-01
2.733286607164579496e-01
2.783903352353889749e-01
2.769515556644869814e-01
2.760235445074633587e-01
2.694660535959216285e-01
2.666917135734628297e-01
2.685619707370642817e-01
2.726322327408949309e-01
2.679740629565721122e-01
2.639117332245223269e-01
2.815407039568526559e-01
2.770489513097951773e-01
2.553484347926698872e-01
2.678922925438705915e-01
2.557394229530796648e-01
2.645952898550442134e-01
2.705381978973228629e-01
2.622379991782428643e-01
2.614219108410341108e-01
2.611026905416252153e-01
2.688265967160178849e-01
2.713386456026152249e-01
2.691171680740727656e-01
2.684486980361139863e-01
2.598801893493833393e-01
2.623904804328534013e-01
2.691411110030538789e-01
2.642439026571810068e-01
2.672609502382369273e-01
2.521977390755071324e-01
2.707468786598959398e-01
2.597414222075086210e-01
2.653051353322290473e-01
2.560068115980377312e-01
2.659298743707607104e-01
2.541626188180332035e-01
2.623582160843458966e-01
2.608303960113294573e-01
2.593285741819353341e-01
2.636706211876460593e-01
2.656788260260428691e-01
2.672360381314582978e-01
