1.532179468502232966e+00
1.233306371540199065e+00
1.179940578157519182e+00
1.151624732400164275e+00
1.128980440931555362e+00
1.090776163339614913e+00
1.054561816836580901e+00
1.006793170781047575e+00
9.568989126402654977e-01
9.006605249680118552e-01
8.535829915952536373e-01
8.109985843208836753e-01
7.746727170307695642e-01
7.421585873965129698e-01
7.133047423244994745e-01
6.917300502873128254e-01
6.716107640461421724e-01
6.503271929160864273e-01
6.404729890671593262e-01
6.187530769173194001e-01
6.098626623551050008e-01
5.998480308938910488e-01
5.887535801881716990e-01
5.782077722481372417e-01
5.707448586200674079e-01
5.667259952145410340e-01
5.514407743044473786e-01
5.482434621557915611e-01
5.396071589827814430e-01
5.349017332514955925e-01
5.284420324098548782e-01
5.275579595202465333e-01
5.149427888110096330e-01
5.138787632486150336e-01
5.043852909232409143e-01
5.077782420838182764e-01
4.994740587210764748e-01
4.928174478677389003e-01
4.905483817834015992e-01
4.826418301199826844e-01
4.812308151447386440e-01
4.744268815372322812e-01
4.676757672264091337e-01
4.690702340424774408e-01
4.608537215659003761e-01
4.660136101571957234e-01
4.543280549419261849e-01
4.502023454203649688e-01
4.531713785620889445e-01
4.492045091033947113e-01
4.498576292129992105e-01
4.428448818330825154e-01
4.388744347829394710e-01
4.399497145151627375e-01
4.327330528712474145e-01
4.275579098083170382e-01
4.294019549745882181e-01
4.289154939583421644e-01
4.290444302326643089e-01
4.214346659450251553e-01
4.269555324366615667e-01
4.247653184291895201e-01
4.190018409449193793e-01
4.173669121521352832e-01
4.198029101228364368e-01
4.126976243375490294e-01
4.173752816428464296e-01
4.101169007925178356e-01
4.076894794717246806e-01
4.020948046634411077e-01
4.035639955676562640e-01
4.042127301841744735e-01
4.012333459620374687e-01
4.041571800597011932e-01
3.984051985071144220e-01
3.975650539914905579e-01
3.933189987697937595e-01
3.948046596338512515e-01
4.004581864621421516e-01
3.868326967671214534e-01
3.918793551198402336e-01
3.898284327391143833e-01
3.844341140139824753e-01
3.863174594856833011e-01
3.839616133723649516e-01
3.798346068881118254e-01
3.843780260064559307e-01
3.841664273639635030e-01
3.803139133074171507e-01
3.742653305459060498e-01
3.795344376413404830e-01
3.723315672948956934e-01
3.746177704728863578e-01
3.725416072408587742e-01
3.750963564295275998e-01
3.664413548862262560e-01
3.721627938357054965e-01
3.640743426308840625e-01
3.756880326153435035e-01
3.648303142743024030e-01
3.617047371017965141e-01
3.636612044236289254e-01
3.603467516204411081e-01
3.632077801655000937e-01
3.623623132899713717e-01
3.584265544070621146e-01
3.592884181889441364e-01
3.585397034807326633e-01
3.519376312024650733e-01
3.538140499628045776e-01
3.485147734523325602e-01
3.454133549360213773e-01
3.497599712698030161e-01
3.493751764832133122e-01
3.459356912966518593e-01
3.430732822226056355e-01
3.483922023269387935e-01
3.385216760670444747e-01
3.407340633486725667e-01
3.405374186880596454e-01
3.390060817049586617e-01
3.418702288203079309e-01
3.412247814095785703e-01
3.361887480888263169e-01
3.394440198213690141e-01
3.388065994618012500e-01
3.368504092551445339e-01
3.368407052910720179e-01
3.325194791126076521e-01
3.323954154966890506e-01
3.313777237447887436e-01
3.295890551602272400e-01
3.268003171958018260e-01
3.291076258363857532e-01
3.249205506149461242e-01
3.186070232974425598e-01
3.203089376614015049e-01
3.140845273422324113e-01
3.170834872562633966e-01
3.159888150026004539e-01
3.160390267844231382e-01
3.062525969794893665e-01
3.119911768782688832e-01
3.089505212196080319e-01
3.096427290466108317e-01
3.030260845064473574e-01
3.115243888412670970e-01
3.022670797338956605e-01
3.014556287409864144e-01
3.037120161488951475e-01
3.000509829069976653e-01
3.012779599770668004e-01
3.007776338372804559e-01
2.991639923279167945e-01
3.008866591302154503e-01
2.935592978449687585e-01
2.965936058715423207e-01
2.941924016383033469e-01
2.949044290341488739e-01
2.855542739654925444e-01
2.878645180823729555e-01
2.886342860208565564e-01
2.847350208241820058e-01
2.841866816398342377e-01
2.860297326106336913e-01
2.850012030770835980e-01
2.818437398547151695e-01
2.812031439779668074e-01
2.853418237031696836e-01
2.784880810864212575e-01
2.776680959086078038e-01
2.806653618347618728e-01
2.786550903514266042e-01
2.719674930133121338e-01
2.697972088543421632e-01
2.720367888867550321e-01
2.766246045712542068e-01
2.664010273694366049e-01
2.670229666468250662e-01
2.652947191800060223e-01
2.666410362890513364e-01
2.669744798057011037e-01
2.662545152726787379e-01
2.640570194933298809e-01
2.642173008524013600e-01
2.671839771967274846e-01
2.631219660196407184e-01
2.605141189789764167e-01
2.639117994081634500e-01
2.572734958127882998e-01
2.604359232525939594e-01
2.580796865709729659e-01
2.620220654210748124e-01
2.589798290102834355e-01
2.590201885948593130e-01
2.597458747228189591e-01
2.552902380617681488e-01
2.588766679685867156e-01
2.564841133951968333e-01
2.564402187369580477e-01
2.538446439741816607e-01
2.541937123953018074e-01
2.489175214442959361e-01
2.529069637801759640e-01
2.544055120493817213e-01
2.503007947608115735e-01
2.539443826284921157e-01
2.502399168262562923e-01
2.476064014307476080e-01
2.533416559516932232e-01
2.425781712436151649e-01
2.460458482107230893e-01
2.411181729279902319e-01
2.499510675595777165e-01
2.437128768704923398e-01
2.463436237979036159e-01
2.443734129269199140e-01
2.437206008182845884e-01
2.414700791011443748e-01
2.428182678790130888e-01
2.385512315446832732e-01
2.441899518462984642e-01
2.417787265232484162e-01
2.452365195486812255e-01
2.363907278377604670e-01
2.385977843810659083e-01
2.364326480285977305e-01
2.416651330377337648e-01
2.397363560778620062e-01
2.395967490032580027e-01
2.384356435122439999e-01
2.402878067738960233e-01
2.355422436125665653e-01
2.325972961912212977e-01
2.359275249835106614e-01
2.360423914539515611e-01
2.339500882696966821e-01
2.318486502524328696e-01
2.282828880769950108e-01
2.375128121017535676e-01
2.332802126521854313e-01
2.341736386349729804e-01
2.344695776553657740e-01
2.272778724380416782e-01
2.295094443335310153e-01
2.319593157463299138e-01
2.293545010761590397e-01
2.330376774395304385e-01
2.296392671103491823e-01
2.299366297225473588e-01
2.280470173829666214e-01
2.308153840674263269e-01
2.291120487782690451e-01
2.261266333632923065e-01
2.306167068506948803e-01
2.252216915322078072e-01
2.277249788810472853e-01
2.287111434451718495e-01
2.278630749742817374e-01
2.269728492236161299e-01
2.192796623507115017e-01
2.258900093424197342e-01
2.275807967725861081e-01
2.231697508629970628e-01
2.241980509995177562e-01
2.224748176389429732e-01
2.199854973394619329e-01
2.205661160185200809e-01
2.255708541720746474e-01
2.159768153542514779e-01
2.191768678755680322e-01
2.229836976293791961e-01
2.191804071963242839e-01
2.188239447276480176e-01
2.231193997958469399e-01
2.233848351454160996e-01
2.138051622059989609e-01
2.152446244327699265e-01
2.225715448730984924e-01
2.201529926030981466e-01
2.182253817543150232e-01
2.153472950521434226e-01
2.217302885102397647e-01
2.206586778288589235e-01
2.188879775698835406e-01
2.204083119162622839e-01
2.181144742409405202e-01
2.167308221198995799e-01
2.155922597707687904e-01
2.191487314030427791e-01
2.146414978853836697e-01
2.134034914204676614e-01
2.141032979310559525e-01
2.156941729979331146e-01
2.090914744276547721e-01
2.138089218167200378e-01
2.153549877170726212e-01
2.123321865496737848e-01
2.116393438369369162e-01
2.129598440821418581e-01
2.142003482591305630e-01
2.075650899201359201e-01
2.084218695452566272e-01
2.141715057451676341e-01
2.098119118942066708e-01
2.066360298937519602e-01
2.068281623879613118e-01
2.087070978617793227e-01
2.073614714918536051e-01
2.097555216329954064e-01
2.102664683901327436e-01
2.064012625604475515e-01
2.084537327976934973e-01
2.077842236403896481e-01
2.083161634846660837e-01
2.006910466403407367e-01
2.093564726816875277e-01
2.050012436486280398e-01
2.061553483690569122e-01
2.098475728725549549e-01
2.049788213438233642e-01
2.006014292829031709e-01
2.041500476655517538e-01
2.053486363605545872e-01
2.057395849356795647e-01
2.000141707952867165e-01
2.002621361565593283e-01
2.025443258967658811e-01
2.035395235329669761e-01
1.996530792186896053e-01
2.007632275732495752e-01
2.031040149032501685e-01
2.025548434387962615e-01
2.011394073656885551e-01
1.967480210899440196e-01
1.992835657664715765e-01
2.041110257066414135e-01
2.007408516559757716e-01
1.987905014128090730e-01
1.967088291163011649e-01
2.000289124386732675e-01
1.950057774785415032e-01
1.982559003479517079e-01
1.934441118461603104e-01
1.981672821629206493e-01
1.982088439662119395e-01
1.987644729348872208e-01
1.939749785416176042e-01
1.977704194517116987e-01
1.932110069567797017e-01
1.948916936813160916e-01
1.915974718641617613e-01
1.947186220011779545e-01
1.997130745555890929e-01
1.885647879803456772e-01
1.916188570303033467e-01
1.921695467465690810e-01
1.924313747644955386e-01
1.897081828670954262e-01
1.863441870695146940e-01
1.911126574427198521e-01
1.910472701156322728e-01
1.900357418111525420e-01
1.858364284101781949e-01
1.903984834485235034e-01
1.861869353909881841e-01
1.861764720560861175e-01
1.904773474598860927e-01
1.899489191131309429e-01
1.890326468241659563e-01
1.852804997590597746e-01
1.841918244493879753e-01
1.886975332293073793e-01
1.846297157778696574e-01
1.805154375826173163e-01
1.827263748676260791e-01
1.829707374846394341e-01
1.842884346451391098e-01
1.882429092792358150e-01
1.854042391880217078e-01
1.860875682609247628e-01
1.872429110013871245e-01
1.843906129189561149e-01
1.848340304136164292e-01
1.887773415269214938e-01
1.811448736393090897e-01
1.829869402720681604e-01
1.814189535847730017e-01
1.848648551440643939e-01
1.866236837132385362e-01
1.785494541393420065e-01
1.844460505671425832e-01
1.748363471234437305e-01
1.815336798271829089e-01
1.829561268861360779e-01
1.800005075909818508e-01
1.797582250333679965e-01
1.838475186229100722e-01
1.795855909797270111e-01
1.820455403803390437e-01
1.798564618603439025e-01
1.797414129396516513e-01
1.801784665783302264e-01
1.770062878075176205e-01
1.742150008072465839e-01
1.773772506603653321e-01
1.829377184964386116e-01
1.738637591128663340e-01
1.782554860567791832e-01
1.785620235901963782e-01
1.753178738616963661e-01
1.815803029693339454e-01
1.718639693751120578e-01
1.822069851102657567e-01
1.764004733324529284e-01
1.772876585029600494e-01
1.762892771708182149e-01
1.759950926182806130e-01
1.778021244826240854e-01
1.778870322936222381e-01
1.760948580400441832e-01
1.693003039859495018e-01
1.762319349853593564e-01
1.745282971233533542e-01
1.746695241244365093e-01
1.718631854356194033e-01
1.736777876887134475e-01
1.720931662424396713e-01
1.726894786320854747e-01
1.729032615433593600e-01
1.762861094303293796e-01
1.682986193780874051e-01
1.724462651346618525e-01
1.717744037225651388e-01
1.703507741481582460e-01
1.753067522737362660e-01
1.688632107354800516e-01
1.703817713252602228e-01
1.690556109308674060e-01
1.711974758481197567e-01
1.679648962969454151e-01
1.713097188795551507e-01
1.752361975923100168e-01
1.676641887160718325e-01
1.702158550753126443e-01
1.671754803631672337e-01
1.685619130061498938e-01
1.706376802246706015e-01
1.682003804134823144e-01
1.668818283566873284e-01
1.657304685867899974e-01
1.700610827479618059e-01
1.624109830051712056e-01
1.670238825834440555e-01
1.701488667045435166e-01
1.657806640491922556e-01
1.649552113700551437e-01
1.657559102732193423e-01
1.633433146450364581e-01
1.639809903810219571e-01
1.682684763069523248e-01
1.627000056399229289e-01
1.650157028228134704e-01
1.646156559108032935e-01
1.672528371566986971e-01
1.614554002008114775e-01
1.640570413650538628e-01
1.652678063041251033e-01
1.607547785835732601e-01
1.591302620658232858e-01
1.627048166135336704e-01
1.658927763932971089e-01
1.653949665907773203e-01
1.669605847981411317e-01
1.645191758624268419e-01
1.620065761717746355e-01
1.619499846463979820e-01
1.646622139974399934e-01
1.635852556856493556e-01
1.589020054680290450e-01
1.624759923146799068e-01
1.614410551606672295e-01
1.600535347794891650e-01
1.583673043133953795e-01
1.621034290266430145e-01
1.560386908734842371e-01
1.619797849940952661e-01
1.583759131824025168e-01
1.627364885190543675e-01
1.626190026596080751e-01
1.555525949945868180e-01
1.607655774879248323e-01
1.620450697407194163e-01
1.621397597232081267e-01
1.582971660759119048e-01
1.619863906314240598e-01
1.626919726314475789e-01
1.627745227397952854e-01
1.567481296922801082e-01
1.605544599356635571e-01
