1.234470115922115419e+00
9.138191785503316789e-01
7.157821607180532286e-01
5.596727061060172703e-01
5.098776317331052965e-01
4.593260305448232939e-01
4.123810014469480589e-01
4.044332546337936485e-01
4.303010139180464821e-01
3.667554869353697455e-01
3.915653032818925960e-01
3.483607217737538231e-01
3.300056584991868935e-01
3.896076591047766269e-01
3.229902333642723500e-01
3.331230648680661988e-01
3.473240539827401885e-01
3.399814781390337326e-01
3.313882705382719673e-01
3.002685954209821095e-01
3.075172011093886826e-01
3.007633995968643781e-01
3.378683872859365445e-01
2.912398487102149103e-01
3.212277936891066443e-01
3.028096275154979478e-01
2.918077058792344358e-01
2.785774817347955179e-01
3.136211839786348099e-01
2.450985734305698993e-01
3.199148218664497056e-01
2.611133054992370028e-01
2.656563685108903061e-01
2.758794976228631790e-01
3.114894955631578033e-01
2.400619504483929023e-01
2.823947862594444191e-01
2.553971131851312526e-01
2.641612075472978827e-01
3.006302596950055639e-01
2.588756177416350335e-01
2.435659100376144914e-01
3.034344132063804267e-01
2.376523100481289785e-01
2.693603663272942095e-01
2.396903192554175333e-01
2.555836189333594577e-01
2.733798901311279561e-01
2.304784986428858318e-01
2.685204906795208291e-01
2.635553369993011152e-01
2.905207194433385709e-01
2.352018493638415586e-01
2.537077307452643149e-01
2.862134480758472543e-01
2.912671623798521181e-01
2.326806286021753378e-01
2.337613057110885517e-01
2.774038677901633498e-01
2.723935739915828713e-01
2.797519424290207946e-01
2.540306884621820749e-01
2.445915825382894426e-01
2.430804545014970119e-01
2.621269300637509292e-01
2.499929854438709964e-01
2.507554444291930085e-01
2.532164595649500916e-01
2.377474148623497929e-01
2.696221674678809244e-01
2.551984327422353038e-01
2.548724931088025558e-01
2.579628115842218516e-01
2.856875476786034929e-01
2.129396999486082576e-01
2.481938071866685025e-01
1.966809426130204652e-01
2.226593661567673743e-01
2.634256145159404872e-01
2.340377816462378691e-01
2.464520773561190148e-01
2.408224159399972863e-01
2.171212493387338349e-01
2.291322887408843711e-01
2.463727834123964899e-01
2.027808370164306262e-01
2.166075256759971146e-01
2.193832537100775804e-01
2.448854018945914868e-01
2.467050975472985797e-01
2.509306181885965215e-01
2.469255938801661332e-01
2.179306205544767339e-01
2.334426889966467744e-01
2.281314215539158585e-01
2.294687799976397324e-01
2.293323134686845177e-01
2.534526884615521114e-01
2.620199867913411418e-01
2.097668046255533325e-01
