1.233810424229573766e+00
8.082080431846636603e-01
6.040439966706528940e-01
5.507567092746733506e-01
4.802831976342916143e-01
4.416703883323981339e-01
4.359430452667412692e-01
4.563682713013028081e-01
4.733261685118777540e-01
4.014670336487802804e-01
4.636823942437361401e-01
3.575279236286546536e-01
3.746944416970991454e-01
3.664175155753194302e-01
3.282907373929412342e-01
3.315800894415658062e-01
3.504850932219470416e-01
3.388345374758031658e-01
3.072615308498149456e-01
2.834700672941593003e-01
3.204312275819720668e-01
2.915489163396923766e-01
2.943271807179278499e-01
2.902787745269207464e-01
3.019587309832691968e-01
2.849156671309330258e-01
3.121480697064248910e-01
3.055111254266648646e-01
3.379775229293765504e-01
2.746778773144848973e-01
3.302154607279870757e-01
2.707554190942043082e-01
2.460723672173762699e-01
2.713045421157830317e-01
2.906368726422609017e-01
2.440688370496389425e-01
2.497082674096216537e-01
2.603105510908886311e-01
2.523230352485140715e-01
2.845005014022962131e-01
2.495778195343409944e-01
2.568612947112290379e-01
3.458318212439520645e-01
2.373041900541061899e-01
2.782882484686243774e-01
3.654938126344738913e-01
2.447171620337354470e-01
2.820814835253013797e-01
2.364614792913348196e-01
2.651940885999035102e-01
2.977766115721184326e-01
3.014599908028680053e-01
2.298593366126347459e-01
2.417353622556521753e-01
2.147542997773364548e-01
2.969133396857497331e-01
2.482561624806654543e-01
2.378158571796907261e-01
2.337863667266422141e-01
3.315848819655556889e-01
2.199982011937959003e-01
2.492772810003940909e-01
2.214702124373646996e-01
2.221602497517103370e-01
2.443674575497195856e-01
2.441927417250188692e-01
2.458517727217239823e-01
2.187391900500898212e-01
2.220127934330883845e-01
2.445788680904090739e-01
2.196422590027314325e-01
2.112210377079155599e-01
2.113264271897642710e-01
3.715333347045182699e-01
2.080512709414023276e-01
2.897457900367516603e-01
2.235081120142494715e-01
2.051019058477806800e-01
2.649719362048065241e-01
2.243159895953703575e-01
2.273717619546983537e-01
1.885650159877481635e-01
2.049136390901674376e-01
1.988817699404469841e-01
3.538155295138347145e-01
2.112775747639081270e-01
2.160305946448292658e-01
2.042995674469840206e-01
2.263322349244029641e-01
2.375903465065201947e-01
2.254541234010752626e-01
2.189758965721512740e-01
2.165856346499795693e-01
2.217577662836204833e-01
2.178623007402880618e-01
2.250254909177458740e-01
2.147795327802065335e-01
1.929912940290910706e-01
2.571847962720927305e-01
1.864440444378754058e-01
