1.137958240044101066e+00
8.664571915349317255e-01
6.629705992946155479e-01
5.374552490126598414e-01
4.697220533457854286e-01
4.519933168442484828e-01
4.053869450007806519e-01
3.960464033368745751e-01
4.251730918443229479e-01
3.637257215722806691e-01
3.799097486819200675e-01
3.474227072646934866e-01
3.273290207515823225e-01
3.790715766031702572e-01
3.252100709709561110e-01
3.242970732692160851e-01
3.393039807294995214e-01
3.296277931932724559e-01
3.171158469733511565e-01
2.953974557917860011e-01
2.954727096526325036e-01
2.929586166840834061e-01
3.204018097284573319e-01
2.761569770868468887e-01
3.090505417048415304e-01
2.897618232211580658e-01
2.817512638698738137e-01
2.711243823666838471e-01
2.880246986273784504e-01
2.384436675368433178e-01
3.003412622989767855e-01
2.582301478834805875e-01
2.557289001189798072e-01
2.649560269132594237e-01
2.970459621102448100e-01
2.333025351474628251e-01
2.664431632109809378e-01
2.411991401765973819e-01
2.490571083517487683e-01
2.813425766742969625e-01
2.463442125301175400e-01
2.278814033218921897e-01
2.815733026654260729e-01
2.280119450340080400e-01
2.544545704746775661e-01
2.326711559676246099e-01
2.397717942669485569e-01
2.478944800298764906e-01
2.176721173018608402e-01
2.487100011816075207e-01
2.427952643489859619e-01
2.634982383247087556e-01
2.226904579024146513e-01
2.311280625217936591e-01
2.597531048078909333e-01
2.635906121336226704e-01
2.198028586806765605e-01
2.191502488998099685e-01
2.448408822377317884e-01
2.463533121971526185e-01
2.436692060855900621e-01
2.304068414119583852e-01
2.244584717064720680e-01
2.252316072288232662e-01
2.386356855986559444e-01
2.274966344428111797e-01
2.322393275977860938e-01
2.258438959479505681e-01
2.231797628365052300e-01
2.336347264895460296e-01
2.309802456937844473e-01
2.226713948045674629e-01
2.236614945358300910e-01
2.451012000090120324e-01
2.007546270298279922e-01
2.201879709979703004e-01
1.895069399986276104e-01
2.084971145426711414e-01
2.321925327209162226e-01
2.163176771341385474e-01
2.231950897996552163e-01
2.160923405100016181e-01
2.035306473340544320e-01
2.104796844029185043e-01
2.189399854713740545e-01
1.901111949652451449e-01
2.013846334600918886e-01
1.983183847587233761e-01
2.220855992044433458e-01
2.214334857430758363e-01
2.217013568743044782e-01
2.186319874682101094e-01
2.052129825233677818e-01
2.071421420847777140e-01
2.050622473868440598e-01
2.047543327861328366e-01
2.110776711052320675e-01
2.201685895159602446e-01
2.369966625788657577e-01
1.983756880044364179e-01
