1.229185770476632689e+00
8.842504774750021834e-01
6.814746279918157956e-01
5.580007486286138185e-01
4.899467630706985655e-01
4.427968896952636513e-01
4.184539187920933712e-01
3.978970982735826611e-01
3.972184971737718895e-01
3.495101396136449656e-01
3.563285444492462761e-01
3.434204293801522700e-01
3.304836086794488703e-01
3.571110292598661529e-01
3.185000902713026050e-01
3.184307917818634537e-01
3.075454814665964931e-01
2.951851245441622362e-01
2.876363797968631841e-01
2.803905148336472974e-01
2.846192832798941641e-01
2.784386366873634611e-01
3.050776414868331399e-01
2.722085191826723038e-01
2.900391580193794061e-01
2.728965657648098064e-01
2.603922219711596875e-01
2.696120204283183330e-01
2.755272225936575836e-01
2.509119522906405053e-01
2.631006149991996779e-01
2.619458163530935524e-01
2.701846087953073683e-01
2.529410067320393418e-01
2.724607623096388376e-01
2.439098842728213978e-01
2.429057632598650152e-01
2.407026921059660096e-01
2.416036146171001153e-01
2.614724740937986458e-01
2.315647435554106237e-01
2.330540168729298145e-01
2.505541857231193825e-01
2.411611531991090795e-01
2.331448328699984862e-01
2.314576494499055725e-01
2.238009841591805937e-01
2.372443440640588652e-01
2.176405167813527941e-01
2.282595169989766470e-01
2.367293791277564063e-01
2.289115181069136251e-01
2.119055481252564432e-01
2.146837786574627427e-01
2.310197455404048306e-01
2.367947439431364320e-01
2.151898660053478129e-01
2.174390884044110073e-01
2.247585597033877891e-01
2.257617042917806349e-01
2.188936259626800551e-01
2.209525411878217882e-01
2.192336016409609234e-01
2.191900825643667561e-01
2.145648610142239510e-01
2.225751004627810059e-01
2.249731126034431594e-01
2.218277385693149528e-01
2.159757296945827854e-01
2.224617250643607380e-01
2.213991125712888586e-01
2.116518018825797043e-01
2.087228675800135991e-01
2.166849680353100938e-01
1.932028895794948853e-01
2.210886350905624520e-01
1.940913770784800652e-01
2.093306592498041518e-01
2.087506827960194933e-01
2.175251891715720975e-01
2.082776663646429272e-01
2.100739268105571433e-01
2.073022677311030793e-01
2.083927992405528451e-01
1.988170271501150665e-01
2.022333109500505377e-01
1.982849998838013827e-01
1.961725731912413728e-01
2.141986347652092559e-01
2.018814507602598174e-01
2.205718744295398215e-01
1.964208628032314552e-01
2.118693774983288203e-01
1.954724365400625774e-01
1.999809906163025341e-01
2.098067081880620466e-01
2.001219249489891716e-01
2.152496729168859313e-01
2.107797414297573335e-01
1.955706193722685504e-01
