1.190488715779402851e+00
8.205980123783387370e-01
6.449979815765033431e-01
5.437851281063897924e-01
4.730402624654391763e-01
4.539540361659216705e-01
3.874759325865981818e-01
3.984919815383644037e-01
4.228305906128522196e-01
3.757098649105619081e-01
4.448499087569910415e-01
3.531532847247899065e-01
3.318356582953032596e-01
3.844331221471130045e-01
3.429659242434796584e-01
3.503225940101285518e-01
3.764980459091231690e-01
3.267490803297165014e-01
3.164983247729572513e-01
2.901266610870542606e-01
2.985675340560673408e-01
3.085152694406892993e-01
3.185226231662377505e-01
3.140949666614823999e-01
3.271293615107073727e-01
3.432670657305091355e-01
3.069642850121864219e-01
3.087834524025890870e-01
3.680009153640513286e-01
2.539380061742019246e-01
3.336467722043561235e-01
2.649552685735828694e-01
2.428611104642854901e-01
2.744648299624141696e-01
2.902230085264001502e-01
2.317251167319847593e-01
2.379080373300710427e-01
2.667071970374806367e-01
2.632563926089827033e-01
2.833612150608008085e-01
2.678778735219545792e-01
2.255207938827291925e-01
3.250499352059598168e-01
2.317631250956921074e-01
2.978072030853243235e-01
2.501799489934644627e-01
2.950412610188695717e-01
2.654918643885211260e-01
2.149152365732089065e-01
2.550076991711928143e-01
2.777641023644236151e-01
3.125542622823213046e-01
2.348652692783955165e-01
2.338660301980515777e-01
2.607190577141157428e-01
3.054190338596943777e-01
2.269998939102252922e-01
2.403658522662860952e-01
2.180038007277045331e-01
2.536157713151249715e-01
2.642110552245600097e-01
2.844943776297478299e-01
2.219062283785803447e-01
2.596694546643235624e-01
2.232680728688482275e-01
2.524135210611161972e-01
2.866941074370720766e-01
2.730583326211852291e-01
2.114959366173199962e-01
2.874317030728002487e-01
2.417437815821990021e-01
2.349179775932444814e-01
2.688308948036840507e-01
3.173468434970180274e-01
2.269077541696295497e-01
2.628061706250901519e-01
1.995252365286891982e-01
2.164257642414315064e-01
3.185521567884715965e-01
2.159861605676712537e-01
2.031141309609240386e-01
2.511728916587975813e-01
2.224883867758516709e-01
2.326126407479462976e-01
2.378223978282762163e-01
2.156463234573031129e-01
2.043172524668276646e-01
1.926677302388316027e-01
2.509756633794052449e-01
2.500909666997664926e-01
2.240693436538431782e-01
2.699883076804364124e-01
2.402930734505336063e-01
2.424797118968910203e-01
2.007205952103886804e-01
2.300969762874593982e-01
2.208030342977857496e-01
2.382831356241032206e-01
2.636676723691521729e-01
1.919743167672738893e-01
