1.179365901014043150e+00
8.452231611039430215e-01
6.418794472856180766e-01
5.240931576274572290e-01
4.637103407631909535e-01
4.192834174175111284e-01
3.910065350103650306e-01
3.668704502433715597e-01
3.493096419546605769e-01
3.357800242969411486e-01
3.220613349848604479e-01
3.116803289666210119e-01
3.035860056291711517e-01
2.983409217214551545e-01
2.886332204326736428e-01
2.825375491024141872e-01
2.764262922481412477e-01
2.713630567114896364e-01
2.663364612662706410e-01
2.651835035484498282e-01
2.615453528232077884e-01
2.562769627042972287e-01
2.535470505065761104e-01
2.527016288591404369e-01
2.487459957622405737e-01
2.468908765665839000e-01
2.414491073401807131e-01
2.416593077136484635e-01
2.392920244386840811e-01
2.361529605473450810e-01
2.337685615051397492e-01
2.305230156265757058e-01
2.308038636948188671e-01
2.288137693202470513e-01
2.270756484294613187e-01
2.251521935070572855e-01
2.255232220044595670e-01
2.235733549546613241e-01
2.216209501896083123e-01
2.216473165732246176e-01
2.209761692212268147e-01
2.178099160580069804e-01
2.169907548693887911e-01
2.162595581664807365e-01
2.159275100740448983e-01
2.142142346896323546e-01
2.123623669540339876e-01
2.117362261338351925e-01
2.112329977713432727e-01
2.100201098665443467e-01
2.096435326406189126e-01
2.069749357362092590e-01
2.064047933711382066e-01
2.047409782741285156e-01
2.043980493083283889e-01
2.034327707454828271e-01
2.004850491143580216e-01
1.999043896915317087e-01
2.008792231323877631e-01
2.001531674030229413e-01
1.986897326855047996e-01
2.001263435011965686e-01
1.955516049907324860e-01
1.948191905487604292e-01
1.952144749867977813e-01
1.946045038288026774e-01
1.933201731832236148e-01
1.936878602845487352e-01
1.919598684281916268e-01
1.908563878212695131e-01
1.922388480758050744e-01
1.919276554031264514e-01
1.905952153828926465e-01
1.881417017282879522e-01
1.873139800865062932e-01
1.876463751829698656e-01
1.867226210725785873e-01
1.855730962727691891e-01
1.847712669099995098e-01
1.856033100028607330e-01
1.841901937713881221e-01
1.838677295452843252e-01
1.839359450447410060e-01
1.821796386116639743e-01
1.819723227481313543e-01
1.803668643415306805e-01
1.801756123624849160e-01
1.803227035919182097e-01
1.789350271384871349e-01
1.791893262273292209e-01
1.777668500436418442e-01
1.772335770065319727e-01
1.760367191516158392e-01
1.767941015576966202e-01
1.766948161609803447e-01
1.749468729540465672e-01
1.731623018345858633e-01
1.749353857693975445e-01
1.749748229628436402e-01
1.725394293202911489e-01
