1.218444560367460294e+00
9.142442909817136698e-01
7.162295274335240824e-01
5.963434715329652969e-01
5.250988703206181940e-01
4.704900270175246813e-01
4.286861717791844439e-01
4.001687979958862829e-01
3.742920987188224635e-01
3.558966032345587394e-01
3.405309036674052381e-01
3.275356181779950360e-01
3.170847220394908406e-01
3.071646773150530918e-01
2.985691219551060427e-01
2.894739087184691195e-01
2.853413175926943213e-01
2.782314590803414700e-01
2.744910345607150526e-01
2.679864479818810374e-01
2.646717380719452173e-01
2.608683552794698324e-01
2.572638433419019988e-01
2.539058037274779522e-01
2.496367967603986548e-01
2.469065988911770815e-01
2.450734739223916492e-01
2.404912674913522730e-01
2.383357532603551654e-01
2.360528342202453389e-01
2.349115651349638900e-01
2.318183189297183533e-01
2.309276995635983210e-01
2.285793976974605235e-01
2.253018786137502560e-01
2.243601190246515276e-01
2.207398518016913391e-01
2.205697973136087897e-01
2.186631349944505587e-01
2.176482273836461145e-01
2.175403100025697367e-01
2.164066010694765674e-01
2.127517994078164387e-01
2.119099753312288781e-01
2.112428917465325462e-01
2.085882130527148548e-01
2.099486432237696043e-01
2.071971978630273714e-01
2.068518138321316369e-01
2.066086671368026761e-01
2.033796963982757444e-01
2.019244680431170613e-01
2.019080037189153742e-01
2.034000381785430189e-01
2.008766691784703851e-01
2.006339109848142566e-01
1.984687252013581926e-01
1.964247688378026324e-01
1.963513379207073029e-01
1.947948823338100932e-01
1.954966815204662867e-01
1.939167449419582356e-01
1.948789600837269043e-01
1.922875338096470821e-01
1.941875208810193709e-01
1.935077142807865580e-01
1.906740331553528622e-01
1.907642261775339687e-01
1.910126227775628960e-01
1.903986269534879427e-01
1.890338419625513244e-01
1.860384945372083598e-01
1.887661927898466319e-01
1.873224871224306309e-01
1.866011601315216151e-01
1.844367001266750683e-01
1.850185834530559403e-01
1.839133632106152161e-01
1.857231390749631006e-01
1.827130322016997377e-01
1.814591596770922521e-01
1.809437605464993548e-01
1.806206883034894295e-01
1.801984617360900820e-01
1.792956622193903615e-01
1.803713565540412400e-01
1.795869483992202364e-01
1.773976538207814313e-01
1.796086604828434352e-01
1.779344181981431239e-01
1.789259000301257341e-01
1.767669721885780088e-01
1.767691050979441902e-01
1.757547484942638127e-01
1.765191300738079838e-01
1.748762445709597935e-01
1.748791459330487907e-01
1.746329505713811736e-01
1.750438834028464341e-01
1.759062101870131900e-01
