1.168980215260551958e+00
8.353331377888837395e-01
6.547716155291667395e-01
5.834494354111394721e-01
4.978506149523522772e-01
5.389668588311603559e-01
4.603780351067109922e-01
4.867176197468753296e-01
4.237282163783213096e-01
4.113445076753426410e-01
4.190584139861979196e-01
4.211813480818924482e-01
5.084688041239314726e-01
4.609093285828471664e-01
3.281977192610954774e-01
4.326956427369403890e-01
4.958354428718204088e-01
3.950599442785658888e-01
2.960827667773477390e-01
3.679379713911256067e-01
4.058646632296761259e-01
3.491897333689161775e-01
3.219296829600314380e-01
3.186984807320308866e-01
4.771616051801623182e-01
3.839868614164064220e-01
3.321517429270620658e-01
3.690881142585639152e-01
3.229750190210497474e-01
3.374979497361458303e-01
3.701751444556248272e-01
4.111967429075845115e-01
3.240035628041464943e-01
3.818750762805821486e-01
2.664281398192333006e-01
4.027437660354878379e-01
4.229470833682221209e-01
4.209224161726944358e-01
2.790013644899684842e-01
3.250029719459673894e-01
3.659320132732553077e-01
3.211894339383518648e-01
3.481144663072409107e-01
2.800659259552885638e-01
2.706764673353743711e-01
3.923051708942326687e-01
3.332379359114776562e-01
3.007789832495567639e-01
2.859463631728297317e-01
3.458434018795147891e-01
3.257892704404693474e-01
3.735221888757090936e-01
2.948433476228130568e-01
2.854658608526548513e-01
2.908601643176177420e-01
2.704784505897993574e-01
3.264779708041901651e-01
3.020174234861370266e-01
3.791180658618795718e-01
2.928342004388040376e-01
2.541456588436234454e-01
2.370230308644888928e-01
2.671243224571172581e-01
3.043456028558743642e-01
2.729131689160029239e-01
2.992056151960423849e-01
2.756013978295481226e-01
2.697290324927766880e-01
2.907297836518089040e-01
2.991078783674295805e-01
2.770729996585269417e-01
2.467795298914383650e-01
3.012016480083709036e-01
2.300348085464523906e-01
2.676374935358302731e-01
2.859347507423392054e-01
2.855027330437499566e-01
2.492660947355184731e-01
3.528387430026465599e-01
2.634007131637752241e-01
2.948296560763677965e-01
2.501492953167507305e-01
2.563256595606839827e-01
2.523509277566419740e-01
2.284952208640247950e-01
2.522785415969178158e-01
2.224726329787562185e-01
2.520390886437424149e-01
2.767666203794129087e-01
2.352331414519240327e-01
2.611577702621196706e-01
2.961871555546227719e-01
2.464598071743180907e-01
2.450033924581674349e-01
2.377188479957786649e-01
3.128335728872483346e-01
2.532181742750895803e-01
2.491472171510541178e-01
3.359287432201459311e-01
1.983227793325946231e-01
