1.219376963251560975e+00
1.081352166218535249e+00
9.435024760080669148e-01
7.673726403461720302e-01
7.157404248499602550e-01
6.401647760920108343e-01
5.743156044116075609e-01
5.588239969799995155e-01
5.277565826793747528e-01
5.187084516362489017e-01
5.288012197488702881e-01
5.460807226847897988e-01
4.753017496428201261e-01
4.976491398989739134e-01
6.075828625569366093e-01
5.730860096512351287e-01
4.440983310655527982e-01
4.437388584049389850e-01
4.456998062112896841e-01
3.752084973534635659e-01
4.172734445899690670e-01
4.356043727853528003e-01
4.896815190338960067e-01
4.122506770085415662e-01
3.408786000247512327e-01
5.687490509533910110e-01
4.783730895417414031e-01
4.401559644602904831e-01
3.821444060056428116e-01
4.318719477463814904e-01
3.590209609494155463e-01
3.630672946035321536e-01
3.257214677728842434e-01
3.371584049437618136e-01
3.175577855196832777e-01
4.291268181895958600e-01
4.007949840246734508e-01
3.328797429905761551e-01
3.715469894892827196e-01
4.098445507530986132e-01
3.553224793567849593e-01
3.475397018158769002e-01
2.993976551463245483e-01
4.339007619935803528e-01
3.201790245693379999e-01
3.933780650774044152e-01
3.736786272726301816e-01
3.619918057951464485e-01
3.182394268295869466e-01
3.229019555478780945e-01
3.280869742957136515e-01
3.645919180746223232e-01
2.857398253188643822e-01
3.411296915386387574e-01
4.412022564896534993e-01
2.981994499729098136e-01
3.051969637701746896e-01
3.669888639312074985e-01
3.415453293356088271e-01
3.354830936206653624e-01
4.264663217604337531e-01
2.688407084483248610e-01
3.231165921131614605e-01
3.300274781643520727e-01
2.889459295325626509e-01
3.282564708787810148e-01
3.030397899934880734e-01
3.436500158302741581e-01
2.637337515135566579e-01
3.278113814340916643e-01
3.955780970546652897e-01
3.584742029340008962e-01
3.423596868063939480e-01
2.626830226275608249e-01
3.079734391246425895e-01
3.500758538578117030e-01
3.759856562274717651e-01
3.623168740769646123e-01
3.683431403231739454e-01
2.556271929199654402e-01
3.085227276563383692e-01
2.683659400933400274e-01
2.905910585021720949e-01
3.294148072181860565e-01
2.673126022903206667e-01
2.689576731151038791e-01
3.323725017822737327e-01
2.652222047325226151e-01
3.272809915796744407e-01
3.775609400868557008e-01
3.705413857791406418e-01
3.282191065081134229e-01
2.518320855800549873e-01
2.707353689320418089e-01
2.727824756886980118e-01
2.740225146101807896e-01
2.468033493842015369e-01
2.951709862288738329e-01
2.844691131323851541e-01
2.513348195126653417e-01
