1.308921826655035314e+00
9.637596793071463441e-01
6.938711752032753477e-01
6.955968286664151456e-01
5.850267376850146750e-01
4.574274866820667862e-01
6.511240516084123575e-01
5.375473651105042716e-01
5.181479363381239489e-01
4.621299572294460534e-01
3.833800446796310490e-01
5.255517424874059929e-01
5.853602152950729831e-01
6.101551970311825945e-01
5.773230099931998538e-01
3.299189349770161872e-01
4.298745661323189471e-01
4.152192114702710768e-01
6.646576342974966911e-01
5.786143899494791132e-01
5.879737973582008781e-01
4.590277674420575882e-01
4.037881314053669013e-01
3.728900753387780487e-01
5.318842234489115084e-01
4.425285613507627391e-01
4.179894592902080319e-01
4.351709193337303105e-01
6.014560547772445087e-01
3.260447891889559080e-01
5.407312990934675101e-01
4.563448985892945009e-01
5.533097748691877538e-01
3.879790766925040879e-01
4.219492264953531024e-01
3.097745768686338552e-01
5.681711128774816766e-01
5.242412975373592632e-01
5.589456852832717093e-01
5.628762557442328340e-01
3.571475551561918982e-01
2.774576554558678132e-01
3.904207821880680829e-01
5.767326388663329695e-01
5.137314476972116850e-01
4.351769616912751770e-01
3.392347589540897213e-01
4.538972202741783368e-01
4.124127531442516315e-01
4.634753383564158002e-01
4.268380426020749741e-01
5.708855630681146653e-01
3.430807150247234816e-01
4.235845623993104714e-01
4.253337728871426360e-01
7.489158205008319413e-01
4.505575931817874524e-01
3.324167182191631875e-01
4.248895048764876892e-01
4.672532147208121600e-01
3.320272152586022374e-01
4.755342526302074324e-01
5.952565489989412040e-01
4.827405179372680766e-01
3.938497230997518028e-01
4.268994572396018761e-01
3.117682956084369961e-01
3.657912708748832786e-01
4.401179444470127988e-01
6.957765352985780805e-01
3.496338553753563505e-01
5.670382072367301518e-01
5.696211342940639133e-01
4.616556170412214333e-01
4.442893843162564194e-01
3.839653281015678599e-01
2.877966571806840901e-01
4.704978098497935579e-01
4.158879229103907282e-01
4.466964189914331973e-01
6.118304227135281659e-01
5.195904883134043750e-01
3.592504522418841773e-01
3.322268686546253069e-01
3.778618901268452901e-01
5.367852726714069656e-01
5.929679868250470332e-01
2.846497614231852658e-01
6.045770391559133206e-01
4.357691263578719609e-01
3.806630131602542488e-01
4.101639825501616765e-01
3.502478250415134164e-01
6.135277181773466371e-01
6.195238533234780354e-01
4.876584887119012057e-01
3.222516186609940547e-01
4.865697514583390282e-01
8.204167547251891568e-01
5.234174109848385159e-01
