1.247332391040674171e+00
8.605454850564806524e-01
6.762667437706801898e-01
5.651559153775348454e-01
5.122849274307400558e-01
4.687031844376627343e-01
4.244264317547697951e-01
4.029652110983770186e-01
4.284315230202412894e-01
3.759433818361445079e-01
3.763181750316814678e-01
3.602631210534452677e-01
3.584933322490981844e-01
3.572174227114084943e-01
3.368792761090609322e-01
3.138729246831122310e-01
3.322331483335896896e-01
3.147862398705102982e-01
3.084026407307771112e-01
3.020568039378564995e-01
2.818114549562996674e-01
2.969226618841844245e-01
2.777142145204526402e-01
2.745021556790028794e-01
2.809298841149698300e-01
2.698272803363517269e-01
2.890183151502796477e-01
2.665316554934960558e-01
2.780047851574586337e-01
2.613559970363012464e-01
2.649972577361622283e-01
2.594999417331719238e-01
2.527948628025816769e-01
2.620020107601496728e-01
2.574082182778075767e-01
2.462478328797679805e-01
2.513138786737575403e-01
2.341349027786213954e-01
2.673592298451177296e-01
2.481336369018304899e-01
2.270255490277521271e-01
2.427680330737485015e-01
2.494495050567500927e-01
2.424804635383263351e-01
2.449527456199235009e-01
2.380754156677848121e-01
2.352457727053529624e-01
2.359966264128941782e-01
2.094460221260456001e-01
2.348770298128083633e-01
2.240452661028303483e-01
2.239253017163650161e-01
2.229865872902526969e-01
2.223629867143309957e-01
2.189123783822755631e-01
2.317792529504734134e-01
2.199875664552113919e-01
2.201419081343688744e-01
2.161208154118094138e-01
2.215382745507818996e-01
2.261155349494886890e-01
2.156334926061129198e-01
2.125331225113183398e-01
2.173989007447959254e-01
2.041560604571449888e-01
1.949380574126260424e-01
2.184297272931983169e-01
2.192189115787220588e-01
1.983404117774834885e-01
2.031072290344976550e-01
1.951244056264536120e-01
2.120402015701817466e-01
1.972223785896925485e-01
2.060023618305847903e-01
1.989295720970070125e-01
2.026526576141581271e-01
1.976684397710789520e-01
2.017125351209991257e-01
1.977910463366276406e-01
2.025562898407820556e-01
2.046728107206320646e-01
1.954023520593675678e-01
2.018294303854767935e-01
1.902204304045941596e-01
1.925705246911967039e-01
2.007424137633702921e-01
1.996644442960436305e-01
1.813362293885309728e-01
1.982949270746048598e-01
2.046495310672843126e-01
1.980679697694323338e-01
1.989545848022288843e-01
1.921648626559982476e-01
1.981750035910312957e-01
1.861721068542640523e-01
1.785627260346470402e-01
1.890396215614379150e-01
1.852199520264380395e-01
2.007199524238872379e-01
1.734356397385528881e-01
