1.218010479713479643e+00
1.072436748856944622e+00
6.473627005348070451e-01
8.469149475942054917e-01
3.129232276406966884e-01
4.049999623426960293e-01
5.460671962576453264e-01
6.034107166980910986e-01
6.247442045687024992e-01
5.345878180898985255e-01
3.912595977361391641e-01
4.375667237842981727e-01
3.573242197074562587e-01
5.795645272757106170e-01
4.299572798346236735e-01
3.517609165570584340e-01
3.311481209471903164e-01
2.410185881415155829e-01
1.447644066655690565e-01
5.149480840841422769e-01
6.215072874471532227e-01
9.364526356963785991e-01
5.960637103392047997e-01
1.055274521187812731e+00
8.176900607811774524e-01
3.136359294361588113e-01
6.872897480693820338e-01
7.610873371320532321e-01
6.608480631590342158e-01
1.980060236631349668e-01
1.197389760052931518e+00
4.356685416352942819e-01
2.199387428097163699e-01
2.390198480656141045e-01
5.735222826290823361e-01
8.666765358187780155e-01
2.414777244503552023e-01
8.984658899727502313e-01
4.183910262207969910e-01
1.260337319142631696e+00
4.047222376467237703e-01
5.492781354154778750e-01
2.838420375827787612e-01
3.682777149895716806e-01
7.193854021070251736e-01
7.727255531468335548e-01
4.156651082712845557e-01
9.969959294234083114e-01
7.755418599951523495e-01
7.316331229133707925e-01
9.891329729221105538e-01
4.143194270795690914e-01
5.845191979507566860e-01
4.738790345922275771e-01
4.644688282088478282e-01
9.152218003114385159e-01
1.086695658197238401e-01
4.703499947545171089e-01
1.038160533939702923e-01
1.993598458439439780e-01
8.716086924285972870e-01
7.831209023439668071e-01
3.785882424855021022e-01
3.495769687396635961e-01
7.504841377549607007e-01
1.777649328918606275e-01
5.805828873657229439e-01
3.186445954111776779e-01
3.420955290549275718e-01
7.028287032489061170e-01
3.851364382744017489e-01
1.158667853619311794e+00
7.094928131568171148e-01
7.262485953323062349e-01
1.149372110960946491e+00
2.142234161371863177e-01
5.032271431519728111e-01
8.671812707668145048e-01
1.628282483733925201e-01
5.433790118515215983e-01
7.197474728028352420e-01
5.473824681236456602e-01
3.938887920419019695e-01
4.934923687770676470e-01
3.726442195528775203e-01
1.140804860332910176e+00
1.823149387863292892e-01
3.321101601152259830e-01
1.066816729399563624e+00
2.725514728418578225e-01
4.570629270311298703e-02
7.437989601262897654e-01
1.869745422046482641e-01
3.496446608344705442e-01
3.627399893156830202e-01
9.518350672348180330e-01
3.076509563410086967e-01
3.228811871784282306e-01
8.072368880096225663e-01
1.250890638081118666e+00
