1.233302466894883320e+00
9.398314787082610033e-01
6.789267159018487208e-01
5.637760983838970841e-01
4.852418507387221136e-01
4.891956483482615137e-01
4.194296289424421786e-01
4.277073156090017148e-01
4.213324929359455462e-01
4.001107267567914905e-01
4.213032428093215209e-01
3.561625363986286041e-01
5.140380969884134066e-01
3.969252829816058425e-01
4.154026823692511527e-01
3.543553895206110194e-01
3.692050871448578908e-01
3.878434418566539255e-01
3.900218270814383992e-01
4.581091828807831723e-01
3.960486793669405481e-01
3.613122202978027997e-01
3.022682778638911549e-01
3.315126147495499609e-01
3.555486664466859237e-01
3.411527657922756029e-01
3.531548507883839338e-01
4.073419095344382734e-01
4.275063377116216645e-01
3.167984854111938198e-01
3.700465490163290516e-01
3.131238797490313863e-01
3.054301405855603946e-01
3.549074836947566647e-01
4.306360487381722391e-01
2.598922901196779600e-01
3.978341791310882614e-01
2.415340754620899921e-01
4.682648940120596737e-01
3.682687407530559898e-01
2.872673554957782538e-01
3.108363066364379090e-01
2.718618128208601936e-01
4.055963161550909524e-01
3.814367654997891099e-01
3.319451420364389338e-01
2.752068913988951482e-01
3.407811547159811383e-01
2.820955549170299781e-01
3.264923799857456510e-01
3.326369452323368336e-01
3.235114405729284659e-01
3.174016428504832232e-01
3.097714994492112295e-01
4.239215633250216220e-01
4.122474154939248514e-01
2.953569337398477823e-01
3.034671420433174283e-01
3.426845429578050939e-01
2.709519494989468535e-01
2.613135946838854307e-01
3.397023158370313101e-01
3.789306272615873272e-01
1.972075119698553647e-01
3.211274185169229467e-01
3.779094118472255959e-01
2.750102509772044956e-01
3.824696879674697181e-01
2.470991129024625865e-01
3.853936134152562976e-01
4.650540662934178893e-01
4.385138758949437832e-01
3.095947719790842489e-01
3.078638925897613787e-01
3.203356907374987905e-01
2.944667720874979411e-01
2.474651763583371467e-01
2.901734585818470658e-01
3.903313857628457617e-01
3.291360593007787716e-01
3.426545051107454665e-01
3.529000061546485045e-01
2.879128063526777970e-01
3.313231565496858044e-01
4.263127200115086057e-01
3.391930270878228959e-01
2.915755340654997974e-01
2.803614034498046470e-01
2.675718597334389992e-01
2.582971769553648045e-01
2.971287812491810731e-01
2.747917785438835914e-01
3.172649153044990733e-01
3.433972809660950087e-01
3.280596661842943851e-01
2.830708710010539364e-01
2.035026232609849495e-01
2.611063381419433949e-01
3.894192632162047363e-01
2.680664086375436073e-01
