1.313512305169640682e+00
9.495161860948115873e-01
7.443131328528613810e-01
6.052519019664326372e-01
5.132748169254719439e-01
4.540050159398091867e-01
4.218573114629341481e-01
4.051084808098562862e-01
3.854376516630561023e-01
3.599540350426778668e-01
3.421452898497703288e-01
3.362398313747677614e-01
3.234199790018031928e-01
3.192447310613950595e-01
3.038790551498696813e-01
2.976927477800717647e-01
2.959277820369607404e-01
2.789484845642172806e-01
2.789821006329892272e-01
2.696384641929747694e-01
2.724726797431762937e-01
2.637669721599175676e-01
2.672815951968983694e-01
2.586951772544762163e-01
2.560366276421061071e-01
2.547208545143690439e-01
2.499404958551993960e-01
2.520614227381062222e-01
2.420447096140463938e-01
2.442358492395289571e-01
2.443645298734202775e-01
2.380037661347476630e-01
2.341820813929084422e-01
2.383509711196867276e-01
2.395420122573515553e-01
2.318512521456098929e-01
2.270509219372020271e-01
2.266620832054109247e-01
2.273494161690539916e-01
2.214643101124709190e-01
2.239134988755306921e-01
2.180569289234355335e-01
2.215680525171440374e-01
2.181339997316390777e-01
2.168840471080553112e-01
2.181184460731657171e-01
2.046743874730843626e-01
2.096536463376469928e-01
2.059537139454639953e-01
2.093609196923764681e-01
2.093772274872103267e-01
2.047352671720127082e-01
2.111816496276066601e-01
2.045100938563895743e-01
2.049199919454227636e-01
2.075467570845149490e-01
2.044529826079601320e-01
2.078004925887982635e-01
2.047586400850314181e-01
2.060300117701949207e-01
2.011626015939093348e-01
1.959528863097484697e-01
2.014663820790026649e-01
2.003815476163176290e-01
1.993285806096684876e-01
1.951919468390896362e-01
1.972993520633024023e-01
2.022277171297170995e-01
1.932458053974159817e-01
2.006087189475057320e-01
1.914714000911744984e-01
1.955234750651178577e-01
1.925910164757932419e-01
1.951159402710657687e-01
1.953362373363021209e-01
1.885675475118854805e-01
1.904523394691469695e-01
1.907412510381615856e-01
1.817359483424945688e-01
1.864004821128812939e-01
1.893948215290882919e-01
1.869393474043460623e-01
1.867476610463338627e-01
1.819044255657403242e-01
1.852976532136311472e-01
1.829412591337219729e-01
1.837209694528435522e-01
1.778885251771707421e-01
1.869054268536794461e-01
1.832059412742270410e-01
1.866135696549539869e-01
1.808823057823980562e-01
1.830109046765927283e-01
1.766831110399889881e-01
1.848957872952715908e-01
1.802547464207476247e-01
1.820479666006496466e-01
1.805328147449904441e-01
1.775344954625752703e-01
1.762123390825793001e-01
