1.174403195337407224e+00
8.092015237557982354e-01
6.270001007572526541e-01
5.345781554012545289e-01
4.764154342509214213e-01
4.340685629148923752e-01
4.059978750947625947e-01
3.808932067348311801e-01
3.602963511049747103e-01
3.451799000252245841e-01
3.327606787945248112e-01
3.227868261499226565e-01
3.133629696102606110e-01
3.040296725259554189e-01
2.964669752262872326e-01
2.894877098157943029e-01
2.847489274669571802e-01
2.805182689600336232e-01
2.725993818513590683e-01
2.676083842921883615e-01
2.631648143525567862e-01
2.608943021836845899e-01
2.566163211205567674e-01
2.535849111908167197e-01
2.508491530854990437e-01
2.489368468885162500e-01
2.452284186843567970e-01
2.426984553069496953e-01
2.387955009837094966e-01
2.358077699251191761e-01
2.345898005421155064e-01
2.329491969757059022e-01
2.319924809886138861e-01
2.284000676521806272e-01
2.267602317878484874e-01
2.255992857288809383e-01
2.234184986534159256e-01
2.221001526799289416e-01
2.202649279666146209e-01
2.198940140179410085e-01
2.194470948310210390e-01
2.168874312817935801e-01
2.163152218957011819e-01
2.144715961835557683e-01
2.135476874123999891e-01
2.120590874898979072e-01
2.110726425355112235e-01
2.095690022172106703e-01
2.104747660193505010e-01
2.062434391444997739e-01
2.074428613787075437e-01
2.059631581390918009e-01
2.057573511908166730e-01
2.040773594177790196e-01
2.039152156964366136e-01
2.020939590358651894e-01
2.029452008823930953e-01
2.013476483876621148e-01
1.997664281692280164e-01
2.024866747915183285e-01
2.008054615234329821e-01
1.988100881713235624e-01
1.989811436596701788e-01
1.988272441411176317e-01
1.970276323204837865e-01
1.960446234913544861e-01
1.957454818668252217e-01
1.963745894218604793e-01
1.962737449826905400e-01
1.934681018494869564e-01
1.941799159271991870e-01
1.948037746863948150e-01
1.940178858786298366e-01
1.928811488956124198e-01
1.914519586100213722e-01
1.908162564453446952e-01
1.909765409213320941e-01
1.919031777901358538e-01
1.894167077554874123e-01
1.897958776449484297e-01
1.897765769978061179e-01
1.900323314270918329e-01
1.897911667097474386e-01
1.879193192901618126e-01
1.897306251921539455e-01
1.884673382312246903e-01
1.885120286041276905e-01
1.881827796108131723e-01
1.863883104840058924e-01
1.876495410745622483e-01
1.869958047010418234e-01
1.867871609566643110e-01
1.868319983238143633e-01
1.875010505171679220e-01
1.864389910619871082e-01
1.856980015523659877e-01
1.858007171352095699e-01
1.848514808623395456e-01
1.866175548857974265e-01
1.843694192677106103e-01
