1.265932169568759535e+00
9.993018479599522497e-01
8.828874985499789441e-01
8.189553996348782894e-01
5.785028697994276659e-01
6.547836046368770146e-01
7.142130809686093595e-01
6.045103194627013954e-01
7.105786268450824394e-01
6.443466458602021829e-01
5.398300596083818181e-01
5.128403237361753852e-01
5.542432036269582252e-01
6.489624982008438403e-01
6.156050550774370134e-01
4.194379561150800018e-01
5.690027801695903831e-01
4.256827636223393663e-01
7.031368163720521647e-01
6.037679519674318263e-01
8.484026273732151457e-01
4.407419269678957141e-01
4.027740217458194438e-01
4.990936150560091322e-01
5.972896641774125825e-01
4.885075959885505914e-01
6.221965805767747382e-01
6.357161253958979463e-01
6.569214461447470121e-01
6.268631403770836830e-01
6.521905403056557082e-01
4.685592491409890092e-01
6.180267291147951703e-01
8.651146594643875920e-01
9.008886398947421048e-01
4.542867808048578482e-01
5.947839078992550599e-01
4.248983568797390364e-01
6.257296069756048684e-01
1.017960938344257604e+00
3.143088173580516065e-01
5.039451089727282618e-01
3.683107958872343657e-01
5.037185324236346240e-01
4.983040928290669025e-01
9.975458471696091456e-01
5.651579103013004701e-01
5.545310775959453320e-01
7.843569646190952094e-01
5.885032528610442126e-01
7.900866563320898539e-01
7.733583606118931142e-01
2.851845555102593410e-01
3.797980999203190988e-01
5.814909966601238267e-01
8.158067429063725617e-01
6.047611243284617411e-01
2.915835118070746468e-01
6.039004966732494095e-01
6.409725269097135136e-01
3.676112090298602753e-01
7.545754449143057263e-01
6.661188789128295040e-01
5.373133980450250924e-01
4.694843763859846142e-01
1.024096368774830346e+00
4.318805608837859578e-01
7.313844612030158121e-01
7.215761330972905174e-01
6.750168390813293673e-01
3.685955641460297305e-01
8.206664590360258638e-01
5.792556074427319679e-01
9.515916792490326515e-01
2.641747555729027641e-01
6.204815814472739444e-01
3.966787780331124114e-01
9.775698027371296783e-01
5.139563795669648272e-01
2.437988301774392796e-01
5.314775158519806642e-01
9.833011680903332996e-01
6.795341380149542143e-01
6.231524399115647705e-01
1.038863303460463738e+00
7.311316106504521795e-01
6.799231954344018281e-01
3.943121525494386881e-01
3.946901989361666918e-01
6.236945437629961564e-01
6.480967536419890429e-01
7.644710452794122313e-01
3.389367132464345400e-01
7.089994624151454428e-01
8.547772650635721003e-01
1.103593896759772264e+00
4.958797813568184276e-01
3.877928583707956345e-01
6.740365481860003394e-01
8.155500622815615719e-01
