1.254834299252856278e+00
8.998339820363454589e-01
7.318813854792208806e-01
5.542682318109525275e-01
4.869413895531842229e-01
4.582487351007601961e-01
4.041095483009067846e-01
4.231801986518261560e-01
3.946419137669480715e-01
3.622563877030862134e-01
3.507435807274142392e-01
3.429575279901178608e-01
3.396812942832309612e-01
3.449890729142414125e-01
3.013322273759471148e-01
3.316390604661693664e-01
3.531413606018832807e-01
3.309324101808298613e-01
3.018676681109598303e-01
3.248273950946149458e-01
2.897798947491390109e-01
2.848802731188989634e-01
2.901085696144822812e-01
2.907325151945044373e-01
2.662273268469725895e-01
2.948008853110118954e-01
2.930218916700720877e-01
3.085103531340863681e-01
3.096007764835760900e-01
2.710329314890165819e-01
3.138394112188465646e-01
2.612450628013985310e-01
2.878836898004891731e-01
2.753961041118856978e-01
3.064335039253106019e-01
2.779655257420340364e-01
2.785595253459171583e-01
2.516783317144163368e-01
2.863564607492629088e-01
2.894421542341117926e-01
2.347583563097201120e-01
2.553602675333673799e-01
2.600141787264291793e-01
2.623153940799750061e-01
2.782678962748263429e-01
2.599564462551741117e-01
2.823351881773835670e-01
2.355855807662297907e-01
2.412254880458926942e-01
2.521059732902439232e-01
2.397808433540766226e-01
2.484659010848327410e-01
2.731895756833228051e-01
2.327525644543081140e-01
2.534210026544152505e-01
2.469969450658278942e-01
2.243443309027931820e-01
2.509662263454311981e-01
2.398149299216486285e-01
2.411261798146109858e-01
2.420458902893085629e-01
2.585834601147728451e-01
2.235546197370457955e-01
2.489339912231716689e-01
2.540372343136174660e-01
2.261084187024083592e-01
2.428904481415851413e-01
2.376738591575203174e-01
2.448428722852896422e-01
2.347431193701695895e-01
2.390428928127284469e-01
2.306742623352485144e-01
2.452760290818725986e-01
2.592377196033719966e-01
2.389552431396659016e-01
2.293222429152963482e-01
2.232633797691619681e-01
2.334051732311210048e-01
2.478613861881607261e-01
2.274828470923457857e-01
2.447690816721980467e-01
2.565755556035817508e-01
2.291795674848669528e-01
2.395106029604128772e-01
2.381534965237820656e-01
2.244832708176425218e-01
2.345958762965559552e-01
2.412254418790073518e-01
2.143813312897397405e-01
2.671978258975457043e-01
2.304097209799483570e-01
2.462068220387003681e-01
2.323003879833143159e-01
2.064759878913114410e-01
2.271127740044249221e-01
2.322950158363690232e-01
2.368497664757776844e-01
2.318114986230691288e-01
2.326819049921793892e-01
1.802754322347555893e-01
