1.237540993707802350e+00
9.228844146377948032e-01
7.503889242196017939e-01
6.285506516058175785e-01
5.538039524622616616e-01
5.164518596035266862e-01
4.530659218983577041e-01
4.497049101146249894e-01
3.861590935481249431e-01
3.935946408356022497e-01
3.463121027448756717e-01
3.532870344802017115e-01
3.893559212398385316e-01
3.260402272911905874e-01
3.144572321026507522e-01
3.514925648651433532e-01
3.089776343897606692e-01
3.044331956858000732e-01
3.080863837133932526e-01
3.404279742447132162e-01
2.768279280674728060e-01
3.056548327586099956e-01
2.840403179048599513e-01
2.994895220320454854e-01
2.654274942796231995e-01
2.635689561236291278e-01
2.898731112645795971e-01
2.742476892359618779e-01
2.596413734516059835e-01
2.673066460129452926e-01
2.589431248655627016e-01
2.552479445076005216e-01
2.597502823784293424e-01
2.493561981926541160e-01
2.798133974229338738e-01
2.611096907543485890e-01
2.602598051085609487e-01
2.838612003194888045e-01
2.525718102908228735e-01
2.252012338077490905e-01
2.405973770885191099e-01
2.442310323851402676e-01
2.307206084489865083e-01
2.482722121794937453e-01
2.716803457591679960e-01
2.384284167129672727e-01
2.435566385701354586e-01
2.595440919540190072e-01
2.418738607071322377e-01
2.254977988513401088e-01
2.449928277968333179e-01
2.342052162734112597e-01
2.374460703882328994e-01
2.458613040912990544e-01
2.095296861861334070e-01
2.204734828871394436e-01
2.195119831193803051e-01
2.223947066720660948e-01
2.284168097697465982e-01
2.342397676425482800e-01
2.401290708132380325e-01
2.194160218157844844e-01
2.246519442275828060e-01
2.082662417499233365e-01
2.142394735773536785e-01
2.057569896666303910e-01
2.095602159689002042e-01
2.323555265450304719e-01
2.116491139074542505e-01
2.343353944018237711e-01
2.076737295040103071e-01
2.172847128479695189e-01
2.422259768400254476e-01
1.939577787474489612e-01
2.303040924825023039e-01
2.239658781567820112e-01
2.091766432740371773e-01
2.684482844070427143e-01
2.097746254036839120e-01
2.330037414723160061e-01
2.022067726834242407e-01
2.036180284478374125e-01
2.170980016661215595e-01
2.169063686484697107e-01
2.064355109209831673e-01
2.240072452476799536e-01
2.171317231493969102e-01
2.289565386061766239e-01
1.994010973619068372e-01
2.240134568189949271e-01
2.170478976594743536e-01
2.231506507325164979e-01
2.086988651129875749e-01
2.141683456964341148e-01
2.039034685679669556e-01
2.077502072784700449e-01
2.116091833700390057e-01
1.872549709778818516e-01
2.045361335869443631e-01
1.948509124058570574e-01
