1.161376820153344980e+00
1.055393222479159565e+00
8.675649513061202134e-01
7.812315317389983971e-01
8.075215424184918334e-01
7.373373715489630609e-01
7.033475684794996408e-01
7.164281334569922999e-01
7.030303213290239883e-01
5.759798354172647183e-01
5.097512754265554058e-01
7.235369632112640392e-01
6.141947498252842141e-01
6.368228948989281824e-01
5.450418568651029805e-01
5.244124020048067658e-01
5.676055684614059738e-01
6.055176657195247003e-01
6.222202849387630241e-01
4.724128008969386561e-01
4.303101363271701341e-01
4.397463411551569834e-01
4.106620530783341438e-01
5.907038647077887950e-01
4.044915532830156701e-01
5.825642659961857150e-01
4.577398374353662258e-01
3.352676361288706719e-01
4.916126883532728753e-01
4.065806933829175795e-01
3.481489435221233331e-01
3.955663624491059793e-01
4.115022811778813461e-01
4.531445754917003965e-01
5.395115758269488637e-01
3.960175082047602824e-01
4.443861182269087662e-01
3.689220017361646287e-01
5.457312430317943219e-01
3.847951013898136541e-01
4.190563345894484648e-01
4.787363517114175404e-01
4.079619710062988847e-01
4.491475284643823285e-01
4.839859938584181731e-01
4.098860053137347026e-01
4.310481287439786868e-01
3.324038349443001472e-01
4.006635804791287003e-01
3.754683183352265918e-01
4.331411801882448787e-01
3.518533938520264082e-01
3.656864403981097134e-01
3.466550913867867401e-01
3.546628938394120745e-01
3.686169651015199777e-01
3.730922794349463278e-01
3.605967907079695167e-01
3.939121827959032318e-01
3.894499708411108818e-01
3.066364799108302064e-01
3.805487946047380610e-01
2.829854615035198306e-01
3.553102802670556337e-01
3.608312680281269835e-01
4.411603022763387338e-01
2.768720330530290985e-01
2.835269447578953050e-01
4.258465674558492009e-01
3.059360579834417559e-01
3.750909728672203181e-01
3.407936325014636614e-01
3.687021493595918908e-01
4.671006197028019225e-01
3.332487559762054019e-01
2.463064865499162703e-01
3.171567812845585976e-01
3.451952852109180792e-01
3.289705039501712447e-01
3.818866232031619123e-01
3.276259738337741756e-01
3.339848956882288111e-01
3.825292759527835762e-01
2.781877398243661759e-01
3.318420426045558536e-01
3.337259432212308363e-01
3.880961572527688030e-01
3.200301351728590538e-01
3.569759527036354130e-01
3.668523937984812799e-01
2.848031439207311388e-01
3.141801882856803951e-01
3.478201947338828148e-01
2.794301733359328965e-01
3.331247325504541057e-01
3.149236082528829028e-01
3.339610676417600343e-01
3.293177556002355177e-01
2.571721379175977984e-01
4.145456935573189616e-01
