1.215515588936475488e+00
9.226734210907657774e-01
7.103412635534078756e-01
6.070291936006213529e-01
4.986356337327631505e-01
4.551661216116503761e-01
4.209870384411326105e-01
4.033992162260817693e-01
3.741577987787183535e-01
3.603025288789695191e-01
3.666138360907678084e-01
3.524221149911336282e-01
3.189914742005638404e-01
3.327219420457624421e-01
3.185339852381999237e-01
3.052989390940537007e-01
3.228135999773328324e-01
2.923688994893435811e-01
2.953296923991338696e-01
2.860869453814094410e-01
2.874959252955983091e-01
2.880986471998474574e-01
2.808666371518570015e-01
2.760456483360185231e-01
2.610895826541296261e-01
2.816345750431729633e-01
2.637535801364078170e-01
2.517713625108313202e-01
2.764541570618592736e-01
2.497161722339227841e-01
2.623792055625860931e-01
2.517449875637420842e-01
2.436766412373658208e-01
2.589779161609354063e-01
2.813983770125188522e-01
2.376629571008853081e-01
2.471686509667435361e-01
2.438478355277093335e-01
2.516697326983056704e-01
2.465020184556253047e-01
2.313342134754222956e-01
2.326571002702738089e-01
2.579285907688942947e-01
2.429103479824233636e-01
2.418715455410406778e-01
2.349709930886961229e-01
2.227137470917237572e-01
2.298704438490519197e-01
2.243777777683662045e-01
2.264729714275842409e-01
2.229435827228036793e-01
2.235336221434010562e-01
2.141752008001375773e-01
2.217425581111954480e-01
2.160369495707930021e-01
2.326701832691417116e-01
2.269159171567899647e-01
2.162447165293683027e-01
2.325258577036599106e-01
2.337903752100723431e-01
2.251223603903850512e-01
2.369987732369824296e-01
2.208715202282089951e-01
2.283849488848632703e-01
2.133893070992199381e-01
2.149163448784461306e-01
2.133947189105429021e-01
2.227128606766377028e-01
2.132147652052177877e-01
2.290988730011385976e-01
2.128699293709503393e-01
2.186792636375466115e-01
2.026722784234121499e-01
2.084847522757987126e-01
2.049438015888481457e-01
2.282692375741773583e-01
1.996986597765613158e-01
2.200157096086748365e-01
2.077253353781377820e-01
2.135171481423875084e-01
2.110652254103798364e-01
2.137865679609871616e-01
2.016773495732630261e-01
2.005563830811449844e-01
2.006677417829440258e-01
2.039327592208157180e-01
2.043460113991259208e-01
1.989864994656659059e-01
2.071029581260851182e-01
2.019854738057199062e-01
2.043888728289422474e-01
2.016014617671690878e-01
2.035626009395007652e-01
1.993228632911153708e-01
1.986303182774624143e-01
2.004788628374372939e-01
2.112925382251819584e-01
1.900529100674658856e-01
2.173179896488866558e-01
1.877597235890312299e-01
