1.221467861535672217e+00
8.683387856346274081e-01
6.644864518513046159e-01
5.592707113190579227e-01
5.009074439980325533e-01
4.557405167515696798e-01
4.260925310241207020e-01
4.047950542737686064e-01
3.819745579996811635e-01
3.669675843858470898e-01
3.515789076338566299e-01
3.395404774213167109e-01
3.281377258222849536e-01
3.196176774942978138e-01
3.109857315784998466e-01
3.020035653882595095e-01
2.995257962337727342e-01
2.948632469986373628e-01
2.862300324105864768e-01
2.815325059290683662e-01
2.771883823593731533e-01
2.738565432811525535e-01
2.732337543407027391e-01
2.691359391252222122e-01
2.629049522542573625e-01
2.600594475789971272e-01
2.578328494486590849e-01
2.533206423943566987e-01
2.524616665412924288e-01
2.482167222515470062e-01
2.471324350671318393e-01
2.459172684389781816e-01
2.455819520557941116e-01
2.435364783645223297e-01
2.410926389816729354e-01
2.407738939594750993e-01
2.390246303017297402e-01
2.378518932839023825e-01
2.354769126773870180e-01
2.332130830242756525e-01
2.339642920839916373e-01
2.325870715797113686e-01
2.310797680563151102e-01
2.315100622923656759e-01
2.297570477740700778e-01
2.294570744641518945e-01
2.264927442245728562e-01
2.272687299499859537e-01
2.263551924027423223e-01
2.285720197935042219e-01
2.252439550942198498e-01
2.242152159638863829e-01
2.237015410591193798e-01
2.230980411918626616e-01
2.253442172623266182e-01
2.249092373249620691e-01
2.225090064408089818e-01
2.215424250473911338e-01
2.207074708770873639e-01
2.174437467198260809e-01
2.199228167175489301e-01
2.183438456930935634e-01
2.179371599202465648e-01
2.157729548254639640e-01
2.137371369367516982e-01
2.150561911799424020e-01
2.152345053639142802e-01
2.141288677630931725e-01
2.144426119955541166e-01
2.140425464495386565e-01
2.146980291851977862e-01
2.116895076369160189e-01
2.117640557759371822e-01
2.092282466644163619e-01
2.099776962506310074e-01
2.075478697294703689e-01
2.066520714739526476e-01
2.038253733982791083e-01
2.073194222441652745e-01
2.055854071713656417e-01
2.039124667110683853e-01
2.048865754992505173e-01
2.019983558179034300e-01
2.006698706328814974e-01
2.022774328195556248e-01
2.010022456109625266e-01
2.016609366291436944e-01
2.009840067139641862e-01
1.992512193702624390e-01
1.977193345767720434e-01
1.992189359482494926e-01
1.942279410424075092e-01
1.952897331947810733e-01
1.953503849324002284e-01
1.954415840243494129e-01
1.942955555387986810e-01
1.926405720985954195e-01
1.924778174504950812e-01
1.906247911997738242e-01
1.909668086635842310e-01
