1.126739619820186666e+00
8.381872965718013546e-01
6.697600287006416631e-01
5.604200556395900756e-01
4.858220273620749152e-01
4.455288569830462286e-01
4.205971485759900652e-01
4.054452292349647879e-01
3.867189332398784929e-01
3.602739401024264154e-01
3.557002894272325300e-01
3.456249897672816762e-01
3.344449207189655882e-01
3.239622160210791080e-01
3.175897527987244229e-01
3.122953319059768029e-01
3.108499226881696886e-01
3.016615944755040024e-01
2.929764036556654072e-01
2.777901218135037098e-01
2.780659926306394691e-01
2.753607447836113886e-01
2.735505738926363728e-01
2.694526144866323802e-01
2.690392325097963333e-01
2.619773278092392133e-01
2.494503205070892071e-01
2.651303168346916816e-01
2.533623813230199140e-01
2.443320535406108274e-01
2.554477098971125182e-01
2.420566528621882763e-01
2.508808297665391374e-01
2.390183141914908327e-01
2.526067558440748262e-01
2.407798396770021720e-01
2.459406031337557363e-01
2.419453883267951022e-01
2.406852125148068455e-01
2.352823138078893594e-01
2.322144100742390693e-01
2.260669835069645528e-01
2.370269842910216751e-01
2.236400718542424781e-01
2.311424057466788806e-01
2.300317077650103903e-01
2.294017206804233600e-01
2.277257742232964843e-01
2.189166491848037188e-01
2.324917828319209012e-01
2.289144591442097698e-01
2.193357575255449610e-01
2.140500019289101608e-01
2.194604339486271871e-01
2.313673602966778708e-01
2.209843751004462731e-01
2.130115315636371132e-01
2.218551482729350932e-01
2.241626889597501671e-01
2.143493952538896574e-01
2.092736768244381484e-01
2.165755334041623570e-01
2.128492602775755027e-01
2.146364669807434011e-01
2.066051667642229694e-01
2.127822890016424773e-01
2.183246645983375755e-01
2.119536217785681909e-01
2.142698158267131725e-01
2.181793601198366850e-01
2.075742737936273341e-01
2.077015870024667143e-01
2.155223380936635846e-01
2.018080407082828709e-01
2.032655943635104379e-01
2.095231055944285214e-01
2.040886642163325659e-01
2.040304082757624649e-01
2.089265850223889776e-01
2.013047087722282247e-01
2.149253937571728446e-01
2.021397351885212412e-01
2.009240485321650005e-01
2.129997488522219484e-01
2.002679504607533245e-01
1.992146386267800717e-01
2.013649060115758060e-01
1.956642152472490570e-01
2.023597907010660779e-01
1.988834791547081371e-01
1.972748510237624098e-01
1.949885707093705345e-01
1.913656962044406051e-01
2.001630041504948720e-01
1.979439960472752780e-01
2.014373737875520542e-01
1.994911361749721057e-01
1.977489297493402465e-01
2.073917861130636364e-01
1.946160089517943725e-01
