1.150403769991734437e+00
8.647613614175865271e-01
6.989243954720140151e-01
5.772362222764767514e-01
5.255204061144401750e-01
4.569800263604575363e-01
4.342153482214207716e-01
4.231851760835013687e-01
4.259205204484364238e-01
3.903947342187123470e-01
4.033502024020535481e-01
3.675638532439720052e-01
3.690485747360631175e-01
3.970728883878412718e-01
3.540280495210679224e-01
3.592415389955559424e-01
3.712062674032042819e-01
3.431436932844958987e-01
3.478217883066415106e-01
3.198984153203136560e-01
3.336108167486129261e-01
3.310334407133113666e-01
3.397829260018722097e-01
3.091263534827669579e-01
3.443356766515704992e-01
3.164117214924074273e-01
3.198614847615613987e-01
3.069345071241914580e-01
3.183113333527057276e-01
2.816070672520718521e-01
3.267769597526901659e-01
2.880957982845780418e-01
2.917541036982754799e-01
2.862018590506930638e-01
3.096170632841589443e-01
2.748519342989821923e-01
2.959482618270261600e-01
2.983297534622461611e-01
2.878050222856316509e-01
2.897395319624734289e-01
2.662326532047655792e-01
2.644135642854189561e-01
2.926240490689347440e-01
2.689108832773007829e-01
2.946072965873441918e-01
2.708750005170062480e-01
2.598581252150414800e-01
2.725799802610272549e-01
2.619521022163174284e-01
2.668509748106755453e-01
2.617270488053035082e-01
2.623646458615188082e-01
2.479750314203044981e-01
2.546885963957952193e-01
2.801983563272066324e-01
2.763878636058080818e-01
2.499707087219943114e-01
2.533719742494148774e-01
2.728064878293540163e-01
2.523794443588716074e-01
2.509477429858135711e-01
2.405767038437272853e-01
2.552904320106661462e-01
2.504977781583525576e-01
2.388614567042872672e-01
2.394590791072889746e-01
2.537323620706153915e-01
2.381945673868919311e-01
2.271027024383107662e-01
2.484859063811185043e-01
2.515040127494602151e-01
2.403060354501501961e-01
2.338132048820536490e-01
2.336717341096004597e-01
2.152305042156782144e-01
2.371785779581894182e-01
2.175167291790320312e-01
2.393832641926166571e-01
2.297092332703646600e-01
2.350123101617530297e-01
2.429540511850691031e-01
2.289611912752446687e-01
2.287849006956724218e-01
2.370412833664679864e-01
2.291390306106330654e-01
2.279829304811001600e-01
2.244512208999946967e-01
2.210326873780870116e-01
2.322624006349688075e-01
2.290992233927690302e-01
2.330941685121472040e-01
2.198771033792523699e-01
2.330422737278627920e-01
2.182994015844682001e-01
2.213408183536719476e-01
2.226851540174040189e-01
2.205663202830442648e-01
2.164787053410632822e-01
2.268059766477844297e-01
2.107394191596828337e-01
