1.235452249922686319e+00
6.387550528554453155e-01
4.855037678320788253e-01
2.964294920517649423e-01
2.598397526137866675e-01
3.858584576983056236e-01
2.196244701794219378e-01
3.637018652858549084e-01
1.942333439819857732e-01
1.841864512814532229e-01
1.771399316411164659e-01
1.667584111207058295e-01
1.607637700014836468e-01
3.543935518376998273e-01
1.517739016294460119e-01
1.433673630313286596e-01
3.612723320676143879e-01
1.395434299594469629e-01
1.323034339024929396e-01
1.264879316484944227e-01
4.073800421904517077e-01
4.059372985432754821e-01
1.215364789159571191e-01
1.141040351786212909e-01
1.131243064523010239e-01
1.063345952624614454e-01
1.074300563694335492e-01
1.022062550433671807e-01
1.044163703243571606e-01
4.665852132733092072e-01
1.009395777427334745e-01
4.698635338492994085e-01
9.410922467491610044e-02
4.743561705987954236e-01
9.028939832922119879e-02
8.530310385578079857e-02
4.786764458100637998e-01
8.165499532422995643e-02
7.787658216714804515e-02
5.182350493766011423e-01
8.066166575475959277e-01
7.599653500708263010e-02
7.359537761907634923e-02
7.226109128610788690e-02
6.797251068854046063e-02
6.767925259158261153e-02
6.443069996788378107e-02
5.319741355752898304e-01
6.498029326794026173e-02
6.149695379431139447e-02
5.488378393185529003e-01
6.012330118608666396e-02
5.853875061874071195e-02
5.709580967042084815e-02
5.484510144934377079e-02
5.885818883839681881e-01
5.463748897821567307e-02
5.086931483080878863e-02
5.151593309980353336e-02
5.290253730149592493e-02
5.023737323965186963e-02
4.916033434708988459e-02
4.581393651001430811e-02
4.944593371719240016e-02
4.516963596354373056e-02
4.664053814327755176e-02
4.296937884782127404e-02
4.737199952091841054e-02
6.150879323811596633e-01
4.573302802054869665e-02
3.988263559848907042e-02
4.132007539646994493e-02
4.059635603276171706e-02
4.024755677260884179e-02
3.989021438221451027e-02
3.863407412190746071e-02
5.994671657927257424e-01
3.894257198408870857e-02
3.438958454951121513e-02
3.565451098145590997e-02
3.654080141264887810e-02
6.083258043287615990e-01
3.717406125213735396e-02
3.367160116290696809e-02
3.475553792084082327e-02
3.237160037185245198e-02
3.289051095184600260e-02
3.337610495506692504e-02
3.187833638201618969e-02
3.230697582297602233e-02
6.883301272236336255e-01
3.467933204667584396e-02
2.943204682468054251e-02
3.015006798050627254e-02
2.911549670302870929e-02
2.981536824479185180e-02
7.877819922583949586e-01
3.253846288403959564e-02
6.377899107041344884e-01
2.933952420518586360e-02
