1.389515969545122243e+00
1.159853835685858758e+00
1.067005799594852755e+00
8.748983210905911800e-01
9.161329972078464667e-01
6.737632849327629403e-01
5.888164863845718466e-01
6.676830042347622340e-01
7.661905532184515311e-01
6.501483035198308835e-01
7.041229377271578382e-01
6.633867162815665353e-01
4.817469907227149295e-01
5.786486304378699597e-01
6.258451775012034979e-01
7.429027195778039605e-01
5.094347752508752158e-01
5.620870241531565892e-01
4.195302452347287603e-01
4.542289595482714160e-01
9.163269049733624438e-01
6.778558033329586952e-01
4.501665480166307520e-01
5.530937811867048248e-01
5.345351431845726253e-01
6.982431675619926725e-01
3.908295747544640042e-01
4.751138678405504301e-01
6.265764086642272579e-01
5.425932253734900845e-01
4.949366546422496738e-01
4.282180199638149776e-01
3.360709565244189845e-01
6.376092556068245765e-01
5.577905746984206381e-01
4.918383851682893715e-01
5.664145283974725276e-01
6.746838510249950627e-01
4.290719439778989397e-01
3.727837698921211973e-01
3.348219203144554013e-01
4.457285575594586713e-01
4.888398639230571163e-01
4.212208598055918185e-01
7.371040065674844266e-01
3.580412352248926178e-01
6.503742354770065681e-01
5.413363118947889241e-01
3.484438682728057679e-01
5.007138819199993263e-01
4.375307228832135964e-01
5.157756789433234346e-01
4.081789408097727945e-01
5.628327517726020579e-01
6.364807293934970911e-01
3.376761085318912836e-01
7.217801563406520682e-01
4.412094686359641638e-01
4.595218865082988380e-01
4.726023826837332242e-01
3.616419691190143615e-01
5.548484285250453452e-01
4.765474941195141367e-01
4.292060612651947826e-01
4.079961654816242067e-01
4.914676933143101722e-01
5.160601814655552122e-01
5.054037164328198939e-01
6.322942752463707183e-01
4.793631488708205990e-01
4.295179385690507390e-01
5.778158122544964082e-01
4.952012079355177510e-01
2.864655259340730398e-01
3.891089143708493792e-01
3.001321531846400381e-01
5.052768662586769599e-01
9.342164735503437623e-01
4.458312861753397915e-01
4.368386655939786034e-01
2.701571582706720487e-01
4.557704602656554305e-01
3.134204382262709698e-01
3.778927118540164054e-01
4.274336795419085289e-01
2.513237576778960536e-01
4.097010500981544401e-01
2.605591067153908980e-01
3.079264566010183612e-01
2.821392751496522022e-01
4.785059166898194549e-01
3.619280739956084458e-01
6.727570225429999606e-01
2.893008388194781011e-01
4.483158311631281201e-01
2.128431252130785212e-01
2.589893874692988929e-01
6.471306536763057338e-01
3.333703668038695556e-01
5.973033978433408553e-01
