1.163559778186798788e+00
8.447358985152264577e-01
6.501608678060509794e-01
5.603502160397120235e-01
4.907901476899468873e-01
4.398955708972994150e-01
4.206583614375647429e-01
4.116613285513827103e-01
3.703832000608010544e-01
3.538335257852027738e-01
3.567287431225981131e-01
3.471346906985451342e-01
3.291713334846720906e-01
3.130695061856213490e-01
3.164826257435167101e-01
3.183383331300596586e-01
2.831287205835252285e-01
2.927139172484557461e-01
3.121604427100083123e-01
2.991905814710557054e-01
2.900450571065141814e-01
2.933230896295387913e-01
2.734183905372413737e-01
2.859160088533053701e-01
2.626149593279670791e-01
2.666839051654618098e-01
2.837899438248482897e-01
2.669708231348758010e-01
2.545428622800851581e-01
2.737716220292985558e-01
2.539615073658239575e-01
2.656812339665027833e-01
2.517244239929442573e-01
2.633166260212748133e-01
2.689516669911553026e-01
2.618097940753643660e-01
2.588621891833875477e-01
2.495644916238048960e-01
2.589133262488739207e-01
2.510114820225346488e-01
2.342627510207078989e-01
2.524808913623043383e-01
2.365200365869761789e-01
2.577387573890980166e-01
2.479314486099180592e-01
2.308259093356527791e-01
2.542581388838066614e-01
2.440548142190999970e-01
2.262483624814381200e-01
2.377843702440503859e-01
2.343267132109657924e-01
2.235761830746862966e-01
2.440010919497144770e-01
2.249472016895749660e-01
2.123675612067051355e-01
2.179529052732377958e-01
2.387093143760462832e-01
2.266416949253176605e-01
2.049465545893185414e-01
2.298748559787751056e-01
2.345515768680284663e-01
2.175967070040426277e-01
2.180217888544433436e-01
2.152319232954060801e-01
2.230851350708531466e-01
2.272488096571831095e-01
2.147788514795932746e-01
2.187789527829791802e-01
2.215010130737815053e-01
2.133140414439655408e-01
2.179702765028239120e-01
2.244996493583655273e-01
2.175335645952825858e-01
2.201236364698010983e-01
2.207192896615405020e-01
2.082296408427439793e-01
2.234717005994606986e-01
2.296171723404563658e-01
2.295557076432361843e-01
2.105738312790736144e-01
1.991700289275628588e-01
2.121450924747478872e-01
2.137346095096394338e-01
2.147215104895240090e-01
2.077016592087283231e-01
2.217280839217469768e-01
2.124237450066051580e-01
2.110571472342691879e-01
2.099876713905758641e-01
2.194129466702371967e-01
2.042224688576569913e-01
2.177024272445876873e-01
2.109499435692001601e-01
2.147191160967413526e-01
2.110229408137966889e-01
2.068322554650152689e-01
2.046697239049450057e-01
1.970653357643028791e-01
2.110517892146065166e-01
2.131181811856337482e-01
