1.174445853748807389e+00
7.361688219783483200e-01
5.844116452846813692e-01
5.084082117309725035e-01
3.808559030150236446e-01
3.905934666878095318e-01
3.957383558078565455e-01
3.184457204912496397e-01
3.134957130630932620e-01
2.955237320616875829e-01
4.313003855095357553e-01
4.028903408617436344e-01
3.175968595919419490e-01
2.508898461839071947e-01
2.233347397706777482e-01
3.606491342319134707e-01
2.903544008909579865e-01
3.392537017847276903e-01
3.521783009995501645e-01
3.240943959848395228e-01
3.587316244285989053e-01
3.495310550363811553e-01
4.461611941574307183e-01
3.568225820602916598e-01
4.095924519621110815e-01
3.089523580760999977e-01
3.063805731074834560e-01
3.057313233687722343e-01
3.861890875661992961e-01
3.065247471803548285e-01
1.983325646740710380e-01
2.966720252311680905e-01
5.538285921648010701e-01
3.505358176799531766e-01
2.707785722675111195e-01
3.178532958056721758e-01
2.348517739338746024e-01
1.837583259128089952e-01
1.974068341305988405e-01
4.271454574222630640e-01
4.358780529576400942e-01
4.438523968036737766e-01
3.185958307711871940e-01
4.754611943523875395e-01
2.659626469844621477e-01
4.199978893152490622e-01
3.900232311270689367e-01
3.547627966673035371e-01
3.038629114590331581e-01
2.800188906699140334e-01
3.314313970700714651e-01
3.775446491542126526e-01
4.466351112391932499e-01
1.873254208249924557e-01
2.020255093122313161e-01
2.424157601087379155e-01
3.109923774253241513e-01
4.196428514724472869e-01
2.402800127823895848e-01
4.257201390974663657e-01
1.656475759479683618e-01
2.520974235898230664e-01
2.702899485881861130e-01
1.877538791698107334e-01
6.563085178885421644e-01
3.723501451947880403e-01
2.380566160619685401e-01
2.769887430172990328e-01
2.507597191518184387e-01
2.565996379122422177e-01
2.912282360409711446e-01
3.811916451056408528e-01
2.153059421455752465e-01
4.746975986581330464e-01
2.696344080986212144e-01
4.246872671361776597e-01
2.666189350647863443e-01
3.388167781826358360e-01
5.553840679889818777e-01
2.435447750456772587e-01
1.896926548418141345e-01
2.001772822046856137e-01
1.748530727376089999e-01
2.221783097929743156e-01
2.754418596307744993e-01
4.618746544472608351e-01
1.891651853174796671e-01
3.913146554324579141e-01
4.715378408208443228e-01
2.866303468566821500e-01
1.608398140906654727e-01
2.011737355009380612e-01
3.197166529173620653e-01
4.461396224167049063e-01
4.779258792663189648e-01
2.626601577585007119e-01
2.318264973729823597e-01
4.037778434274001960e-01
1.350955621193355438e-01
3.925263625949809709e-01
