1.143077683467730088e+00
7.685878099935086194e-01
6.012320263241294205e-01
5.368915320453110374e-01
4.730079497752647799e-01
4.338843384525740698e-01
4.023507167639086002e-01
3.890921702770670509e-01
3.670080471637190977e-01
3.485138323971479490e-01
3.367572097635041506e-01
3.256613852957685462e-01
3.153749397543691435e-01
2.991122159582330076e-01
2.974716324804488887e-01
2.932665518606946131e-01
2.817705881335506590e-01
2.716805728898240568e-01
2.749345598546201197e-01
2.667462102035028093e-01
2.665119845317116543e-01
2.613639195110314395e-01
2.524305609398139194e-01
2.520501912867695316e-01
2.421627687060815826e-01
2.468108857286431534e-01
2.381031245442969679e-01
2.373843489163017517e-01
2.296970446638228192e-01
2.384957316631574342e-01
2.307250100338726906e-01
2.345368045246996602e-01
2.267240013709116986e-01
2.267377602788127056e-01
2.261318288653698938e-01
2.328410919953878833e-01
2.286488220091090207e-01
2.222214061729332335e-01
2.216128386746693268e-01
2.180755769352512308e-01
2.174617717283726659e-01
2.186691392059166295e-01
2.196383326017384563e-01
2.243434047937121478e-01
2.160940163010324488e-01
2.160159949257143275e-01
2.179385882537986652e-01
2.176127805794482728e-01
2.114618375776928794e-01
2.141489309732588497e-01
2.090539188703456897e-01
2.054479976215696502e-01
2.037658564892509683e-01
2.116342100228491563e-01
2.041914547346951880e-01
2.083192136833012797e-01
2.009231356219673137e-01
2.026000506124731315e-01
2.018272699834786632e-01
2.037349499884059389e-01
1.999539184080709464e-01
2.007742992461489240e-01
2.013444143442656986e-01
1.912368440729015906e-01
1.952730371992051350e-01
1.993947464396676750e-01
1.878278759518174079e-01
1.982392874346112221e-01
1.932606753505100028e-01
1.946164588749145219e-01
1.930643556602547606e-01
1.898817569266919303e-01
1.830162587740993829e-01
1.925342972439783029e-01
1.893112945271935577e-01
1.871634026972668341e-01
1.897676132952337835e-01
1.931578149709460568e-01
1.880360442378272434e-01
1.860998653702118644e-01
1.815191302007170271e-01
1.802595232439704043e-01
1.889085519069186037e-01
1.812029187045866296e-01
1.865929361948025778e-01
1.861529454192205613e-01
1.777131052031843961e-01
1.821541245504126050e-01
1.813181830451842669e-01
1.814818315781170366e-01
1.820338037582108492e-01
1.802993709350838858e-01
1.765413062906529273e-01
1.766939257731953983e-01
1.740733484371984330e-01
1.803659022985390770e-01
1.743563539511332749e-01
1.705055776444409088e-01
1.758917526453030733e-01
1.726660633966972669e-01
