1.167437632010025483e+00
8.058229071588559611e-01
6.079077388940191673e-01
4.949159009981237145e-01
4.513621110120423774e-01
4.077351196572315817e-01
3.863437948802259658e-01
3.635690410787748572e-01
3.596296036660080464e-01
3.416327356581983499e-01
3.305160991467668841e-01
3.212857577690173549e-01
3.101850207232154100e-01
3.092023559732254290e-01
3.011991567695865291e-01
2.925765439158143355e-01
2.905274176275451370e-01
2.825377061792314626e-01
2.843997601152209453e-01
2.745026049968654625e-01
2.697532883437046003e-01
2.690348968263740481e-01
2.647701917902366420e-01
2.608448113636028798e-01
2.598259374641637143e-01
2.585103029315121148e-01
2.531504748265634985e-01
2.566949218460529147e-01
2.534667622743839166e-01
2.474166129875023934e-01
2.433288593073747175e-01
2.412463479162324786e-01
2.412471199645576936e-01
2.387138199695982566e-01
2.437833680081902821e-01
2.399407669371990404e-01
2.323624107923302762e-01
2.366813165335427127e-01
2.333333345222261546e-01
2.298832727565764400e-01
2.304518336916871191e-01
2.259831592690638991e-01
2.258484771741169350e-01
2.203969713745355663e-01
2.266586035641945662e-01
2.213557158020475202e-01
2.192413329958058377e-01
2.154410512951536738e-01
2.164698640337453239e-01
2.221574790653364495e-01
2.174934623733716654e-01
2.142641307801645689e-01
2.158195505543075432e-01
2.143592442391638875e-01
2.147660933864923849e-01
2.141795428083448360e-01
2.110553983189859539e-01
2.137491968314218505e-01
2.148459404790700744e-01
2.118245381556005391e-01
2.098989890164316419e-01
2.100905819823049581e-01
2.088274621489747407e-01
2.058363553969440596e-01
2.076720438702713278e-01
2.080907133721205948e-01
2.064560240183480888e-01
2.095577871626039257e-01
2.079082602192501295e-01
2.069511477793919974e-01
2.037908108844827260e-01
2.037620054432763561e-01
2.020297377646294579e-01
2.033461083827519666e-01
2.026331376212113788e-01
2.026147545502199887e-01
2.006411080631162192e-01
2.014490474010940668e-01
2.023715246155601000e-01
1.999970702715166415e-01
2.015281842091046216e-01
2.005244591438241630e-01
1.975513858553253899e-01
1.995219837596389767e-01
1.954459760147286007e-01
1.931318006347221283e-01
1.945887043238263836e-01
1.922351671926323946e-01
1.954481856535308648e-01
2.016228382878583747e-01
1.946006248226065660e-01
1.934213064570704521e-01
1.904065335586564989e-01
1.906532491623241510e-01
1.917508815258074373e-01
1.858671914740591125e-01
1.900655914959933079e-01
1.855486885640160455e-01
1.899411139550025440e-01
1.886312857442028479e-01
