1.115837182247922277e+00
8.406592183708671007e-01
6.945664829800999307e-01
6.062837094378139557e-01
5.078071158106601812e-01
4.884897134037836652e-01
4.470292010790505310e-01
4.575244784331540804e-01
4.586577898938119513e-01
3.904475415330469490e-01
4.543009286383964951e-01
4.020585386148446960e-01
3.821305392383020916e-01
4.111992774219411229e-01
3.473622780861724268e-01
3.285545677082713500e-01
4.535692693979964107e-01
3.805025141328517990e-01
3.625583105449597943e-01
3.027026047639870820e-01
3.609641102239969923e-01
3.258868340387790496e-01
3.645273071175352264e-01
3.216652950499797603e-01
3.746293905102772159e-01
3.412765691625546660e-01
3.203390855630247058e-01
3.471580843574220143e-01
3.435732807298478297e-01
2.905167960341724642e-01
3.846851845589829288e-01
3.021963085016727280e-01
2.929427977623662027e-01
2.835578450355724645e-01
3.448475472680389009e-01
2.849326523616644291e-01
3.498096896064939454e-01
2.906414072312473174e-01
3.123734979492189812e-01
3.077414999439860299e-01
3.099565483267961441e-01
2.631875152642212390e-01
3.164759191388735737e-01
2.555215561869050300e-01
3.049720297381895984e-01
2.802791905003817474e-01
2.979326768235916467e-01
2.650041714741112608e-01
2.519468145972391659e-01
3.278582389884201476e-01
2.642053504571234557e-01
2.712625065681680825e-01
2.396040718514917955e-01
2.641465631358215216e-01
2.925330909329684759e-01
3.246183790790001522e-01
2.795363717458618780e-01
2.530219193652777365e-01
3.017661373585521778e-01
2.967530213373841264e-01
3.097845551981087686e-01
2.785285335587096567e-01
2.829785942243871477e-01
2.655198488470194573e-01
2.728345886810608634e-01
2.868138911006500869e-01
2.226685717700054301e-01
2.787067824003822691e-01
2.201068788063426651e-01
2.671879064767349599e-01
2.229414902121267250e-01
2.660398352412179923e-01
2.760864279841734326e-01
2.869482957734665329e-01
2.614014390369545637e-01
2.366632491009819650e-01
2.115955769630991357e-01
2.614966832965597843e-01
2.494066274990871523e-01
2.300279027192664860e-01
2.131014883137978821e-01
2.630102085797131339e-01
2.287094845115562047e-01
2.718557166636431099e-01
2.234908023901250596e-01
2.248496969124355593e-01
2.461486941384339322e-01
2.332543165658971795e-01
2.913804668702849598e-01
2.412159810429466145e-01
2.307337110255273382e-01
2.221569650528583129e-01
2.484724676774493768e-01
2.239586776203990881e-01
2.801358779680320210e-01
2.105820279688960794e-01
2.497679139049106545e-01
2.244437660491333530e-01
2.900296059483421507e-01
1.880052056216529599e-01
