1.307914429494076325e+00
7.000778679235113433e-01
4.855772288360943878e-01
3.188421942924873353e-01
2.705014848476275935e-01
3.668693554293261383e-01
2.277540519951920250e-01
3.520746010220803801e-01
1.945490116135786818e-01
1.824263848724836379e-01
1.766254981877218022e-01
1.674243216455619798e-01
1.578053881332663055e-01
3.150125548348813309e-01
1.510894082772332170e-01
1.407776755666882984e-01
3.143839669475455567e-01
1.338052097740056734e-01
1.280043386658275550e-01
1.244953708053860159e-01
3.339932953221421141e-01
3.466301956735992063e-01
1.161303469660020377e-01
1.109117003763261111e-01
1.067261675647675351e-01
1.045570834256530635e-01
1.033692097028001272e-01
1.000011189473690998e-01
9.733592431040227755e-02
3.637066300732205715e-01
9.484923813861774466e-02
3.773548637477647794e-01
9.178934227336740803e-02
3.655216729956796140e-01
8.464659750187490672e-02
8.229481462060070363e-02
3.844508394905331028e-01
8.327320166065924067e-02
7.510748901108067754e-02
4.265801260774505499e-01
6.701647978193029376e-01
7.654472807143836155e-02
7.120004400197210703e-02
6.957816672877095709e-02
2.726718479508736248e-01
6.544827383603370186e-02
6.624506129990707926e-02
4.094783454003752543e-01
6.608293363312531254e-02
6.049773615968266627e-02
4.468418407278737514e-01
6.338112219348879250e-02
5.764831656574863350e-02
5.693934988603812503e-02
5.695754816333845755e-02
4.641337765512518199e-01
5.721523518035238898e-02
5.245345167240982043e-02
5.341475549040506504e-02
4.967106258756093240e-02
5.194903012448738588e-02
4.889013440475849931e-02
4.866057679279778281e-02
4.788838923168738798e-02
4.809024451297236324e-02
4.945618372102342231e-02
4.566586041683972502e-02
4.662138451303515091e-02
4.732294857659153919e-01
4.737192227882334322e-02
4.367481099089685903e-02
4.293164067537384720e-02
4.019270143765019815e-02
4.235658518202340544e-02
4.150117839557723731e-02
3.920218523738071975e-02
4.881854903147566094e-01
4.055336408305194873e-02
3.773937154497598173e-02
3.833799025260001964e-02
3.871022540881926405e-02
5.391924454803840305e-01
3.985264335534187408e-02
3.699091823060655926e-02
3.551973375782415537e-02
3.571663760879191518e-02
3.374358932460612415e-02
3.474599470689027775e-02
3.509329054565687306e-02
3.335785137188869431e-02
6.042739137018672269e-01
3.493679491298607581e-02
3.260685546952038494e-02
3.062091530311011889e-02
3.046224961968301351e-02
3.206777984003368609e-02
6.499701675303808379e-01
3.432191174791771049e-02
5.175361304853067779e-01
3.049493503029358094e-02
