1.251925426008540398e+00
9.249535039073182308e-01
7.861982728341859739e-01
6.194439389610693070e-01
5.818185769058054069e-01
5.364313332437582460e-01
5.239084163204100753e-01
4.738263913729715004e-01
4.508209412299806762e-01
4.392483622816583666e-01
4.033328969168550882e-01
3.665777669959169316e-01
3.953446697146868472e-01
3.964533606346800076e-01
3.700950004371859614e-01
3.771807503756224311e-01
3.852430617525978152e-01
3.648397679079781741e-01
3.450632775613416969e-01
3.512836957372245106e-01
3.119073018894212845e-01
2.940195398609286581e-01
3.156642841626661200e-01
3.426837641464900441e-01
2.995600947817566029e-01
3.349247603870995071e-01
3.189961316606451103e-01
2.830236613758972952e-01
3.130758717796380819e-01
2.899562740854789711e-01
3.014848248148688237e-01
3.195756619752414540e-01
2.679677319637144839e-01
2.947840765094273952e-01
3.202493113124247337e-01
2.939952083752169210e-01
2.621198739734193484e-01
2.678190334721878285e-01
3.056758195157074365e-01
2.946309673125308004e-01
2.699381983039293997e-01
2.654574074083863033e-01
2.679811663962368695e-01
3.242651439890576470e-01
2.857653901999800961e-01
2.880428226653235502e-01
2.890996414601270659e-01
2.416295917207990362e-01
2.733621289148305822e-01
2.757610615577755775e-01
2.634083855109924932e-01
2.656040262768089577e-01
2.616273362880232600e-01
2.685668663824308799e-01
2.671495902454628646e-01
2.522823790923170995e-01
2.770046124801289200e-01
2.564993723235258760e-01
2.609649414614042540e-01
2.629804308257479017e-01
2.507937189368486530e-01
2.661885557514149792e-01
2.390466796461411525e-01
2.762992789343856614e-01
2.552971766996322556e-01
2.699477370963856981e-01
2.623381181106799742e-01
2.183893105300283577e-01
2.696210929536460021e-01
2.410420517460520884e-01
2.586742197097449125e-01
2.426788361641452896e-01
2.851302566236764702e-01
2.598032939769571725e-01
2.423184384149957571e-01
2.628525395296994471e-01
2.354434517175476027e-01
2.356328378542633106e-01
2.341643535137405974e-01
2.752126595597740311e-01
2.283757211391758690e-01
2.499665450662257871e-01
2.231234584903973028e-01
2.457206190981525429e-01
2.303021284120430889e-01
2.525434564713033847e-01
2.593533253189566623e-01
2.120384423506143090e-01
2.341656027502779236e-01
2.814463810587235493e-01
2.487510664729652987e-01
2.537069788243903057e-01
2.395907044098841143e-01
2.227690628400667561e-01
2.105189969019762852e-01
2.284395136897252598e-01
2.192356345124550077e-01
2.344525964080702018e-01
2.167189596867007406e-01
2.234799063361830318e-01
