1.202362056557108705e+00
7.956501230156768356e-01
6.481287067225193210e-01
5.952246273540591215e-01
5.574014487400301698e-01
4.771667933184050026e-01
5.098636501236656349e-01
5.032520659371925165e-01
4.586419017338668747e-01
4.299651875977438809e-01
4.294217413743187106e-01
4.774825668444148130e-01
5.879267188368009212e-01
4.512034434492530055e-01
5.131313008991982283e-01
3.761297369063184570e-01
5.682292572874189096e-01
4.687941502978576480e-01
5.672685205001214426e-01
5.454031558136493985e-01
5.061373636092548756e-01
4.822090396932626755e-01
3.477918083678971373e-01
3.904237636639151798e-01
4.312748050842459824e-01
5.441984050707990850e-01
4.463206609243083878e-01
3.839615255200039545e-01
5.989825202747121047e-01
3.266149263531234470e-01
5.877517380849740514e-01
3.913177207793125945e-01
4.703979148690085599e-01
3.946126223027101032e-01
5.124522296233999796e-01
3.491169564677621961e-01
4.483278776337750182e-01
3.084699983594549888e-01
5.109251310727623840e-01
3.943924807764523921e-01
4.245747288313611589e-01
2.602007880035313026e-01
2.942052504147579239e-01
4.844801564644004022e-01
4.414695286629101156e-01
3.502518636565345456e-01
3.241068521023246496e-01
3.808136073779485042e-01
3.282051292773854878e-01
5.326676976651574247e-01
3.917911783138142146e-01
4.384328705480228794e-01
2.458799120014382722e-01
3.792991801126606166e-01
3.701754939443251402e-01
5.314525750827748807e-01
2.670251497707807342e-01
4.035877563725483452e-01
4.223404159368314703e-01
3.176363910256395640e-01
3.034742495338188517e-01
3.823631967554261268e-01
5.111367947720888427e-01
3.187705191835160101e-01
3.540002097783523372e-01
5.158500993380981114e-01
3.360861095784836161e-01
4.024346328865767708e-01
3.069756698984619780e-01
4.928413459650697881e-01
5.041202779118751920e-01
4.784034896050819441e-01
3.504457179352030716e-01
3.121436688269501603e-01
2.808893786031324002e-01
3.467811880627545418e-01
3.238688080502318267e-01
3.237295470355535665e-01
2.744543881543911601e-01
3.793359969149186495e-01
4.114769995785055867e-01
5.033438228560274119e-01
3.187570483897524953e-01
3.855626731643823080e-01
3.367494253986192398e-01
5.542736956426320694e-01
3.642196390326987165e-01
2.739092168401838778e-01
3.793840705324230678e-01
3.184298446005901506e-01
3.278700848572267956e-01
3.733862056442188715e-01
3.161402781808730356e-01
5.271013687130632341e-01
3.927814852060727557e-01
4.097019258973014777e-01
2.612821405820263121e-01
3.283318063874272053e-01
4.795933340107237930e-01
3.959932475392825002e-01
