1.181011224240222202e+00
8.496246434793113256e-01
6.245316944637547829e-01
4.924112848921742835e-01
4.449028018295824727e-01
5.606993401449459347e-01
4.078400752254683903e-01
5.404107811787589588e-01
4.346835125786179255e-01
4.786060539217918963e-01
4.848619962999998201e-01
3.597663257154450345e-01
3.398224056426322748e-01
5.012744967292493969e-01
4.002839324964383994e-01
3.718353222888647336e-01
5.101125682739613421e-01
3.854483301393989425e-01
3.292581665234810551e-01
4.127900054247068407e-01
6.643600333073125253e-01
5.769607090943300598e-01
3.352021801629802567e-01
3.623031182048202514e-01
4.303034276307989847e-01
4.511362236323964159e-01
3.492989430467746681e-01
3.620403904442620613e-01
5.421810418827106570e-01
4.253782568557341603e-01
4.256315662797602317e-01
5.204164476958611507e-01
3.783820496174302717e-01
5.253594489169360893e-01
2.619202587517940328e-01
4.261122505755826628e-01
4.876755418419094212e-01
4.002979664426545847e-01
4.150335786219036538e-01
4.881667874791772443e-01
5.263294739469052130e-01
4.093296460111963131e-01
3.270657173914505167e-01
3.017909265229224425e-01
5.625447577715324554e-01
5.275985154244822173e-01
4.179612196737023666e-01
4.533070689433738032e-01
2.734515493513225981e-01
4.159642538766889497e-01
4.985541843277014884e-01
4.146661224010471658e-01
4.357780657975987570e-01
4.147323799713577008e-01
3.670554647739727172e-01
4.083195429361020645e-01
6.196094931528837169e-01
4.852147832967921848e-01
4.221233298797779088e-01
3.989340877705681576e-01
4.599958362677297186e-01
4.861098690395076471e-01
3.395319915408918643e-01
3.998457439359942578e-01
4.013335171215139385e-01
4.791066375951069101e-01
3.027712884437968599e-01
4.346189609718833502e-01
4.166416340664447771e-01
3.531069314590972175e-01
3.626443365709560163e-01
4.285968257828930983e-01
4.778746950885163214e-01
4.283020731258521119e-01
3.835794909652295304e-01
3.715831639903425243e-01
6.035711778284527096e-01
4.810440582613477178e-01
3.542308289954586575e-01
4.630710015476188213e-01
3.449525488142006768e-01
4.346872433409701975e-01
2.381205469641046457e-01
5.021344679720911586e-01
4.275297536580220381e-01
3.150314222620745896e-01
4.363859666979295615e-01
3.659237671496297084e-01
4.288640254537678942e-01
2.973285177585444083e-01
4.693954925553483482e-01
2.942407311543699389e-01
3.267419178666710056e-01
5.039899551638267194e-01
4.074480313331995118e-01
2.587068842096154619e-01
6.070896130019763914e-01
4.850597721301131426e-01
4.322306356772978586e-01
4.318897315299752293e-01
