1.232630195238926030e+00
9.056164425618119518e-01
7.514249001059266631e-01
6.341675488287730200e-01
5.897918862366013926e-01
5.925955139571297270e-01
5.378132803468773648e-01
4.882654447731162861e-01
4.728721121357754020e-01
4.720169227760432906e-01
4.073981297373445720e-01
4.187625160270562752e-01
3.789840596307881837e-01
3.678356455056898677e-01
3.832397019373193769e-01
4.183726307345997375e-01
3.507067470694581468e-01
3.755465412143525472e-01
3.397798188297787569e-01
3.601217885536577290e-01
3.182598226817926479e-01
3.776895453644383838e-01
3.511702509455324472e-01
3.652254793733381022e-01
3.217739377560153158e-01
3.250725026645062132e-01
3.334612545299107111e-01
3.205990224275073186e-01
3.249068249419937993e-01
2.728988915472742582e-01
2.754041003094554463e-01
3.237002914195569181e-01
3.031308180024633314e-01
3.060457566837956334e-01
2.824968524009890958e-01
3.187946440969311457e-01
3.116993519592438644e-01
2.805336497626718106e-01
2.877030984102807443e-01
3.042287852017456773e-01
2.904988733242635512e-01
2.841773309066071285e-01
2.818079283658032064e-01
2.977876979573969574e-01
3.194247711124423295e-01
2.909941501260505659e-01
2.799001252061578682e-01
2.818131321401224354e-01
2.951423682051511621e-01
2.866094319385313338e-01
2.876848635242787999e-01
2.807889846662767197e-01
2.668234293513647160e-01
2.792759209692899924e-01
2.426410725501820520e-01
2.451825507515409674e-01
2.548373084137541822e-01
2.333751915781980268e-01
2.732318785713452325e-01
2.624690348211472513e-01
3.270331234878527948e-01
2.235773384655571072e-01
2.628636756865551094e-01
2.569029453186620904e-01
2.312317064068324657e-01
2.650133115375985504e-01
2.366966298186989059e-01
2.571066335124362334e-01
2.149323219686484765e-01
2.707769152218082453e-01
2.406795161230642077e-01
2.550148322570529036e-01
3.042269132840638712e-01
2.075320435692722398e-01
2.860131066624882479e-01
2.341087213950357737e-01
2.477878700146126378e-01
2.764210636696461387e-01
2.548438817214021546e-01
2.267745727239911524e-01
2.313665946757343383e-01
2.082198739819505762e-01
2.512665917023945705e-01
2.417300948865085675e-01
2.219114971404570480e-01
2.485221140410174279e-01
2.399967808194107266e-01
2.140395433558599514e-01
2.052795113210958144e-01
2.704844474604900517e-01
2.345057493097585100e-01
2.502221376086574134e-01
2.032326245900910600e-01
2.217737241236415469e-01
2.219017084444326326e-01
2.092395653415643209e-01
2.281768464637520810e-01
2.227992584402299914e-01
2.063922085358624314e-01
2.197608609260253143e-01
