1.271660578247573614e+00
9.916914852763373256e-01
7.796708758155347363e-01
6.503881702715894608e-01
5.838763688713332067e-01
5.151161429732938890e-01
5.506528464063726869e-01
5.361110011033993761e-01
4.575448017817607682e-01
4.498402385735728037e-01
4.482159025391883600e-01
4.828361113500941326e-01
5.792411206497052323e-01
4.677699561201006939e-01
5.355586470920856712e-01
3.944280667250622541e-01
5.121892364334192926e-01
4.864966412562043985e-01
5.518782599024401048e-01
4.972452087511515795e-01
4.874204608053879784e-01
4.808842111760122107e-01
3.436754009402225307e-01
3.663538152007797533e-01
4.370778843315526463e-01
4.980813660531160925e-01
4.221513036427081422e-01
3.760113638165959449e-01
5.726528780759984061e-01
3.248712635429761297e-01
5.434512241196866045e-01
3.525216067557699340e-01
4.830957146289917015e-01
3.767134198970363279e-01
4.868012648200283898e-01
3.368631017462445643e-01
4.313194152351548238e-01
3.266926649545063288e-01
4.900437471677115409e-01
3.711073125429621977e-01
4.317921365561788738e-01
2.698362912207167286e-01
2.775880762155305548e-01
4.711718171622359952e-01
4.051708070761778080e-01
3.674899719023448363e-01
3.272626703563576434e-01
3.776273256459979910e-01
3.386030457162264029e-01
4.983434049443603575e-01
3.866069229985374944e-01
4.123836971562081510e-01
2.521753317317734777e-01
3.278026721158094903e-01
3.378105124673268511e-01
5.145984718557981008e-01
2.604646378010781471e-01
3.735517398961935021e-01
4.092235136254183669e-01
3.338837401431362650e-01
3.145815797529156743e-01
3.457661585345783162e-01
4.873187511148778239e-01
3.041953568279889275e-01
3.312414873097507262e-01
4.933872504393957970e-01
3.164100986023282713e-01
4.288545308282441515e-01
3.856274922779644454e-01
4.424026644264511532e-01
4.715498760562466529e-01
4.416522729349462439e-01
3.313155200337077333e-01
3.005496994827006607e-01
2.579909845520406697e-01
3.366713438616087961e-01
3.066446904893100900e-01
2.969341286912193234e-01
2.572224341482080012e-01
4.143648314890316930e-01
3.675902079395599320e-01
4.165996914719632405e-01
2.974242299871612261e-01
3.804159667891168772e-01
3.113990331993531369e-01
5.129341267205889121e-01
3.224417316569143099e-01
2.823669800198778113e-01
3.403434590461199560e-01
3.097730361935442933e-01
3.174367589293346503e-01
3.177002434953957732e-01
3.517812599489600900e-01
4.165981637283938110e-01
3.437406718175484710e-01
2.932810172418509609e-01
2.435442253108915378e-01
3.108716696073485775e-01
3.351009816119576157e-01
3.605945407367645017e-01
