1.166628446149999387e+00
6.921318091766701652e-01
4.925642451242440711e-01
3.045376169971293345e-01
2.606787253173792340e-01
3.838828375384392699e-01
2.183936385575280803e-01
3.725162580111710531e-01
1.894305900608500015e-01
1.748260758108841073e-01
1.727746790098495244e-01
1.602294437307844321e-01
1.538246327997168927e-01
3.455372791065710603e-01
1.418413106051432115e-01
1.370084542816625561e-01
4.521477844622291409e-01
1.272068108918331941e-01
2.496574966758978165e-01
1.183100173854026299e-01
3.797071027827704226e-01
3.756318913831747652e-01
1.071543905732980501e-01
2.892922098737477077e-01
1.216235038113159528e-01
2.163102876861711932e-01
9.431528429042322637e-02
9.186443679448137722e-02
8.837503238168109565e-02
5.529445801192622856e-01
1.457169598135757971e-01
4.264284817739633082e-01
8.027582432273365487e-02
3.461335336610516511e-01
8.008252115083591693e-02
7.700030153778236741e-02
4.371810154806611282e-01
1.347560573548501339e-01
6.922663223735292526e-02
4.751406737387526280e-01
7.402976553576364749e-01
7.050376843022508611e-02
6.091042966033884121e-02
5.946444264108108335e-02
6.910465548912955724e-02
5.742023833753737844e-02
2.719898738405529537e-01
6.559174850612611296e-01
5.729965098307782112e-02
5.490488245160971698e-02
4.534995179642241081e-01
5.435097650457544616e-02
5.121938944631952012e-02
5.011497255591362832e-02
3.056392563125708284e-01
5.007868679794325040e-01
4.778773811372589303e-02
4.601294009936966051e-02
4.644302647903682246e-02
1.382887977262974855e-01
5.719184444138722956e-01
4.197584634529134828e-02
4.115861071732285908e-02
4.053519390382457482e-02
4.233026820873207058e-02
3.858319426262112051e-02
4.046065096555491458e-02
3.715458884319269156e-02
5.018609068079357138e-01
3.839572390953856218e-02
1.088101684126418361e-01
5.515341433900614737e-02
3.385502566280567532e-02
3.327041362775997463e-02
3.534472804852197003e-02
4.005601197954349324e-01
4.726590410100072193e-01
4.076712115537347580e-01
8.045261823789723321e-02
3.143357586314547009e-02
3.136469233707135651e-02
4.932357755754313011e-01
3.366586929054597721e-02
2.424616460115103234e-01
3.038302385104076908e-01
2.795898429478588243e-02
2.913637913431076781e-02
2.935645364868486734e-02
2.603934744936187151e-02
2.897621271464035503e-02
6.736976987423798358e-01
3.064952853425825102e-02
2.578105234559656747e-02
2.849839047107648876e-02
2.581244520561127784e-02
2.609682145655358582e-02
6.377397276245174718e-01
2.799746506669218912e-02
5.111827309042225043e-01
2.835204576030263615e-02
