1.281949660142578162e+00
8.601569446669843355e-01
7.016064883152802745e-01
5.685680632432577042e-01
4.797763710463094355e-01
5.732770430485485402e-01
4.288427607141849229e-01
5.467322146035386021e-01
4.058821064444189664e-01
4.454428492132500028e-01
5.059591365125887252e-01
3.751254749099697250e-01
3.521507898008354731e-01
5.253088442768125699e-01
4.212562448325630204e-01
4.404183415613795449e-01
5.062022666038783481e-01
4.871140333589581428e-01
3.616688749500724942e-01
3.898492307083553099e-01
6.004764270300336770e-01
6.236449725420252221e-01
3.768890881831133965e-01
3.684582500272609584e-01
4.372659175002077125e-01
4.360467474362191842e-01
3.547551875853661718e-01
4.232782620092008230e-01
5.520142209445163539e-01
4.352849920460256650e-01
4.268373881622894439e-01
5.334987525438635858e-01
3.972064544015937448e-01
5.609592052607881296e-01
3.567049928804198466e-01
3.414912791135326087e-01
4.832619204868017215e-01
4.265681505761982351e-01
3.823567534992518557e-01
4.780664327819664772e-01
6.827562590926639086e-01
4.396663300290944432e-01
3.258251180622943610e-01
2.943040722024033995e-01
4.239470099934717351e-01
4.463641115962145856e-01
4.437317854522001559e-01
3.827855309043730059e-01
3.814319764586070471e-01
3.562894961443711095e-01
5.575193930843341805e-01
4.602549661301990058e-01
3.602264384231054217e-01
4.302216294682700282e-01
4.300758192544487102e-01
4.221963951297924567e-01
4.595880139221601435e-01
4.556338784453240476e-01
3.437382728066377680e-01
3.853601931491021926e-01
4.137511331214079324e-01
5.247713124204278490e-01
3.303006140190042350e-01
3.828139225396783862e-01
3.522883587388472848e-01
4.254355591543161341e-01
4.453708527311746046e-01
4.833965729221468277e-01
4.816216208034793667e-01
4.413214684555661904e-01
3.840904396855390202e-01
4.697408575998284208e-01
5.913418338936005103e-01
4.926213778490182160e-01
3.982803634665698089e-01
3.766338417165950858e-01
5.779857331505111606e-01
4.444041098086911612e-01
4.721052809995306410e-01
4.198588696003809906e-01
3.507460301039605488e-01
5.351477704151565984e-01
3.147988105729693786e-01
3.719383233083320417e-01
5.371093522370044004e-01
3.194084327122990730e-01
3.507177293830648912e-01
2.258871426530351667e-01
3.619470726886079293e-01
3.295511111573438123e-01
3.910431823496064441e-01
4.262660660360835796e-01
4.115148078714028768e-01
4.103102569655763254e-01
4.002758481915483779e-01
2.240985658650908319e-01
5.587312327676626778e-01
5.228876121751373507e-01
3.344782338406862565e-01
4.871597239545206182e-01
