1.324301101498345234e+00
9.420092990600241745e-01
7.389678885684836107e-01
5.631292111618375618e-01
4.652033655312671212e-01
5.601834792121554996e-01
3.953228786018573304e-01
5.646128248056697663e-01
4.406127792708797730e-01
4.723665070563656809e-01
5.149148523143588507e-01
3.778583263713009566e-01
3.542961990905872383e-01
5.081018042785176991e-01
4.174563196163240120e-01
4.376622068443398739e-01
4.812825836606804408e-01
4.530604048741693757e-01
3.636860818600972656e-01
4.274112060985765238e-01
6.002714465777234665e-01
6.513213552253145355e-01
3.923470540543770868e-01
4.251580637027386755e-01
4.492565435821208597e-01
4.388770763998929847e-01
3.676115456002623239e-01
3.294321223167505641e-01
5.798435993580132175e-01
4.261299812894444594e-01
4.250246620937450648e-01
5.017186839971994328e-01
4.585868940397402338e-01
5.830532701914473703e-01
3.898660459897544395e-01
3.765818772464019082e-01
4.790536204010803489e-01
4.266410810137719056e-01
3.892913535800692770e-01
4.997653018775213285e-01
5.398424835201111049e-01
4.544765280360191784e-01
3.214414257788937301e-01
3.016005853942820281e-01
5.419221029733310990e-01
5.359743672683670024e-01
4.729212087318795388e-01
4.063401579956226750e-01
3.269227615392186204e-01
3.905283374216055869e-01
6.104048138575726146e-01
4.833834144999745730e-01
3.503653658956483730e-01
4.864603353977751676e-01
4.307530484315127417e-01
4.401322522764403722e-01
6.440777245298231479e-01
4.511912626734106979e-01
3.493137761840979238e-01
5.054923883399153883e-01
4.393562600308729138e-01
6.051763455575109862e-01
3.439578412047998857e-01
4.490333496419048886e-01
3.816790469054232027e-01
4.480045810237240356e-01
4.929391697820679208e-01
4.936305268272773716e-01
5.231495312620906279e-01
4.879220829972752971e-01
3.475719280152645974e-01
5.570644877401847994e-01
5.622412774168286109e-01
5.180986502475450894e-01
3.842287312360994078e-01
4.027342516205365541e-01
5.633034881479532796e-01
5.491589144665820488e-01
4.526016552671665027e-01
5.166705519110676992e-01
3.425091941169607912e-01
6.000240500882467742e-01
3.336024620104681704e-01
4.286405523824650676e-01
5.314727963207737105e-01
3.288590262149776455e-01
4.009850862831469409e-01
2.521643493434614358e-01
3.880943261760020357e-01
3.905965447725829875e-01
5.047105961689282161e-01
4.929849628890852209e-01
3.238726779134237788e-01
5.205335276062761363e-01
4.369075365909728670e-01
2.755597125218333110e-01
6.707162048107948582e-01
4.920788058965677725e-01
4.068945212244903797e-01
5.136987570796412994e-01
