1.259088574513043790e+00
9.480362445184635778e-01
7.183821349228539654e-01
6.494697484511723351e-01
5.856236963264704887e-01
4.964787283730225376e-01
5.758415492841205685e-01
5.368620632231093648e-01
4.744324607491887669e-01
4.135814795318507597e-01
4.182198641390066918e-01
4.767462109405429804e-01
6.183622316982499978e-01
4.677588554369537799e-01
5.217047352755344036e-01
3.847087214698428070e-01
4.851029669500171448e-01
4.929003568747627462e-01
5.310885612106516218e-01
5.262064571326903195e-01
5.172404497973748239e-01
4.794418699291546626e-01
3.834949582421621206e-01
3.723774191987813675e-01
4.512852677558835124e-01
4.849224527779435467e-01
3.994282082138730372e-01
3.653120546686649539e-01
6.051613696723439073e-01
3.161772405102689087e-01
5.721971077124108351e-01
3.627822606776436309e-01
5.278253995398045628e-01
4.051761859442774560e-01
4.827946300740433294e-01
3.417026966080479733e-01
4.291452342738856229e-01
3.404757970824441315e-01
4.936714876799247476e-01
3.882894018698646033e-01
4.497884487502160633e-01
2.628490048269493395e-01
2.864184194449502230e-01
4.833778818879349570e-01
4.313436940295976574e-01
3.790088390886349190e-01
3.582675308193216113e-01
3.895201059226420237e-01
3.384471654806554541e-01
5.046619413371973284e-01
4.047223178687694434e-01
4.195475858429937865e-01
2.530189166310717330e-01
3.917559788353440764e-01
3.695794007685617721e-01
5.362682772167318701e-01
2.599390515522243539e-01
3.890701611757611533e-01
4.528432377556610433e-01
3.509583704712738728e-01
3.464624891692953956e-01
3.781383236402008352e-01
5.192472286658045277e-01
3.198070493881612353e-01
3.642489121683354925e-01
4.990223736940170296e-01
3.269675300136821727e-01
4.477860629215816290e-01
4.114770285396328608e-01
4.619874683869727994e-01
5.182391374361476899e-01
4.485531017602767956e-01
3.555463003699516067e-01
3.227297869834971356e-01
2.945252424747337172e-01
3.458406606996387023e-01
3.282088803929161247e-01
3.237090116509940829e-01
2.812985773823624691e-01
4.032004842423518864e-01
3.842941275750816343e-01
4.753486729701326685e-01
2.993659377860973803e-01
3.914357374908520870e-01
3.370264275571342449e-01
5.251859030742856982e-01
3.681079645977094472e-01
2.972847486287634178e-01
3.707190656912465743e-01
3.367586494305177536e-01
3.381795674928890216e-01
3.644380101268268612e-01
3.940372476545904723e-01
4.769055201146208955e-01
3.623935077601567190e-01
3.414591459134632134e-01
2.498074942104787921e-01
3.370082159847472836e-01
3.939355948427724630e-01
4.206317786880121590e-01
