1.394133667959107203e+00
7.958161561803686057e-01
5.613426719179583912e-01
3.477608634195187287e-01
2.935627484828647327e-01
4.152464382446163782e-01
2.403682773305465814e-01
3.618733473708270476e-01
2.123184592261289916e-01
1.955652315532239172e-01
1.916680694446323274e-01
1.811792719281260511e-01
1.737795005042951646e-01
3.092636175148832933e-01
1.618887595775150845e-01
1.525081397949341055e-01
3.161964649431748819e-01
1.464147655508915846e-01
1.388554418902195886e-01
1.342287904319467429e-01
3.689482203676891503e-01
3.600740165712192353e-01
1.255956100671715425e-01
1.168073947980504679e-01
1.188874693566125129e-01
1.117157434455197801e-01
1.089250126935075863e-01
1.052946517209716049e-01
1.035263698939169891e-01
4.021381477740213484e-01
9.997078012194328400e-02
4.451197567459182491e-01
9.630880877724305733e-02
3.706272119031504553e-01
8.846940539484157706e-02
8.812040174830965134e-02
4.497976883315711882e-01
8.474657810737715180e-02
7.990152839434774834e-02
4.586086778906183770e-01
7.436370125033351375e-01
7.884699544163964458e-02
7.147009847123353410e-02
7.015853208789117612e-02
6.804961161223953281e-02
6.729240858358398469e-02
6.998289379139750743e-02
4.721246019818921558e-01
6.698868360894098817e-02
6.318687915498122365e-02
4.740711050551646433e-01
6.165274384542775155e-02
5.727551966128212324e-02
5.693182376337422440e-02
5.466231629729170066e-02
5.154169406746798021e-01
5.620663184882181140e-02
5.228644857877756680e-02
5.095073848276239492e-02
5.174068611835648535e-02
4.994610164032720762e-02
4.912466328585903680e-02
4.826007826733252903e-02
4.671862791448357782e-02
4.493446900883598522e-02
4.611337888925752526e-02
4.519889971766585801e-02
4.345454226511887008e-02
4.757842924367829407e-01
4.404425955483576988e-02
4.157603240684397405e-02
4.017286383260899874e-02
3.732636868696852933e-02
4.211824602455370437e-02
4.029794776767507691e-02
3.955177524175978315e-02
4.909494792707222999e-01
4.073838006187953387e-02
3.551709608842248261e-02
3.634314377069410018e-02
3.623231949778996791e-02
6.220421965360839467e-01
3.602076193701733015e-02
3.366812233824486439e-02
3.291766826990331213e-02
3.363916262861608997e-02
3.511487011498555522e-02
3.267318501892426535e-02
3.359701516833488166e-02
3.019859603516090660e-02
5.912953772820352949e-01
3.197875883349148018e-02
3.106413449484480421e-02
3.135923176480349961e-02
3.063771436599864104e-02
3.151911332512969538e-02
6.755350523967298404e-01
3.155485142080961120e-02
6.473372262670836763e-01
3.205019100597913950e-02
