1.230640295995700795e+00
8.865867105487319488e-01
6.670523025709960141e-01
5.555038666973867167e-01
4.970927121677213845e-01
4.610030776218644322e-01
4.346323361134747931e-01
4.114961308956767150e-01
3.951664372015804561e-01
3.793020596099455632e-01
3.694380679328467809e-01
3.590080386178331473e-01
3.495238332261256797e-01
3.381827650162436139e-01
3.330794302500104664e-01
3.267349761222281823e-01
3.194428198589573387e-01
3.113751282027168998e-01
3.079313449238072486e-01
3.030002755531072678e-01
2.976790534570531999e-01
2.918866421689870760e-01
2.891832414577330534e-01
2.847112280184850297e-01
2.799000600180477361e-01
2.777071282400623842e-01
2.726321074589673210e-01
2.693800069376500739e-01
2.670623567261541376e-01
2.625636065502968686e-01
2.618019949960418979e-01
2.572479763412571230e-01
2.563107454820928166e-01
2.523038634328267915e-01
2.504747476631153935e-01
2.499012207552802067e-01
2.460638278215162844e-01
2.452029932292599523e-01
2.438329325252412139e-01
2.401672673380427503e-01
2.391321097099676773e-01
2.371882265337055262e-01
2.356505156604968287e-01
2.345061827747937921e-01
2.311482687685483539e-01
2.321837318048148302e-01
2.301571397061940305e-01
2.276537727474268746e-01
2.268033604806333481e-01
2.257209563120551044e-01
2.245061813293926511e-01
2.222455770568124434e-01
2.222501785314161538e-01
2.210629355451255162e-01
2.203880268420459476e-01
2.180756741478193650e-01
2.174876033278817788e-01
2.169299552066657755e-01
2.146428289721413196e-01
2.142185284708412463e-01
2.139149161345200167e-01
2.118822334653394923e-01
2.107918478785895666e-01
2.099290550539877898e-01
2.105308953684869311e-01
2.079339312931574035e-01
2.069232304547310997e-01
2.053633978354234557e-01
2.073139652534829458e-01
2.038289262636720223e-01
2.031315640446814952e-01
2.031193382837017114e-01
2.025838745774032057e-01
2.014271972668113531e-01
1.989741652291554252e-01
1.985934305177018688e-01
1.988234054597839418e-01
1.983846540272799497e-01
1.986016852968904289e-01
1.966570000696195586e-01
1.973152691736554942e-01
1.963046558086607163e-01
1.952260088126696325e-01
1.935366666257342660e-01
1.931376468207986474e-01
1.926367614935594053e-01
1.909097121963269916e-01
1.919385805160196967e-01
1.915276588460958773e-01
1.915811798286303491e-01
1.884358079966859667e-01
1.894631854163931761e-01
1.893178171410856425e-01
1.877677663513852846e-01
1.867269868779141972e-01
1.865570518419406576e-01
1.858664237597907332e-01
1.851379691170108033e-01
1.853859417881364158e-01
1.832679350168419097e-01
