1.208711180819405540e+00
6.546152253391014364e-01
4.575799817900277344e-01
2.798568683490156861e-01
2.377493902451048302e-01
3.673469021638415821e-01
2.014558519902251155e-01
3.491573657500298689e-01
1.745294290751674693e-01
1.666241222149174861e-01
1.589751040798162152e-01
1.515940068685288078e-01
1.476350339424001012e-01
3.323816113843672815e-01
1.390374568510014675e-01
1.304721607629754643e-01
4.583407469764549935e-01
1.223079065238844992e-01
1.165867240097031576e-01
1.111722754606297575e-01
3.736900055206288651e-01
3.689480128331704689e-01
1.045300684343005299e-01
1.572058596260971775e-01
1.043291557098378897e-01
9.382621282471922952e-02
9.032914101521183348e-02
8.875650052149385016e-02
8.612424943491379936e-02
5.647707538379002079e-01
8.346058781214853173e-02
4.092477364581031951e-01
8.017199669918304017e-02
3.789088393485156026e-01
7.571534831521478659e-02
7.237351639598740838e-02
4.318591133319563125e-01
6.968018730559025209e-02
6.574689673015030045e-02
4.795915013529215010e-01
7.202433229431478567e-01
6.486170569004913455e-02
6.142541855157514219e-02
6.173746446526223730e-02
7.018754590487977230e-02
5.491185607987207618e-02
2.586845509410502508e-01
6.116711524813118750e-01
5.703219508899752543e-02
5.270523495367337302e-02
4.515993014631283775e-01
5.034124008435623271e-02
4.940959481393290831e-02
4.968525368221805155e-02
2.405269655657340522e-01
4.747445714755340052e-01
4.969105460497833665e-02
4.505683013247815255e-02
4.288814460240282511e-02
2.771901676060176123e-01
4.205803218193030629e-02
4.052688279366428725e-02
4.015077823147338021e-02
3.878028373455234823e-02
3.920606692199350707e-02
3.597967069753209290e-02
3.619681813987317420e-02
3.584131739831979135e-02
5.413168122983019748e-01
3.855997626716857474e-02
3.447353321723519576e-02
5.044897158096964956e-02
3.290926094016383835e-02
3.236022925747228385e-02
3.384179869407137609e-02
3.560350547884990058e-01
5.490005089540364036e-01
3.388880747600490212e-02
3.050251610087247392e-02
3.021040370596271216e-02
2.780459607258987595e-02
5.673929516188810362e-01
2.907853532514528827e-02
2.839094601432435791e-02
2.581008647022275254e-02
2.567041405590531067e-02
2.681237020417514064e-02
2.705461073433601538e-02
2.677971203280326076e-02
2.711707008968526969e-02
5.775534783475746448e-01
2.690640518649469598e-02
2.507714843670551599e-02
2.466310544040541466e-02
2.320124537390081537e-02
2.492392371747132948e-02
6.276011807021447675e-01
2.563975554727817088e-02
5.641255236819950891e-01
2.524190928627940630e-02
