1.261669220541677960e+00
8.120818385183810051e-01
6.370573975619658880e-01
5.179612523513457134e-01
5.257358881998708267e-01
4.706496857113781074e-01
3.402506771885405734e-01
4.251045400283704478e-01
4.620697658178586908e-01
3.467373518036467872e-01
4.570896799194875126e-01
3.305398091280564721e-01
3.939783258729360749e-01
4.436535970400840578e-01
3.565917747020765916e-01
3.321159336948767415e-01
3.529962226141206694e-01
3.461263879258943410e-01
3.043507174114671310e-01
3.818083521533878755e-01
4.223221673009210919e-01
3.707126222584501418e-01
3.100272338863432342e-01
2.997577370382474293e-01
3.729078804334449715e-01
3.753528372867466212e-01
3.017785744370301559e-01
3.821361228658277098e-01
4.225713066054226918e-01
4.252914556987550943e-01
4.184249519512238669e-01
4.120477721312071351e-01
3.488123051807631159e-01
4.784329511806507118e-01
3.171312640405584138e-01
3.254311543978790633e-01
3.369599225965292932e-01
3.817977399773445635e-01
2.662018413749164258e-01
3.598527045472907915e-01
4.067454560054336032e-01
4.641280136151509916e-01
3.504797205184734255e-01
3.005177666200889997e-01
2.508941206383889511e-01
3.784027525061159358e-01
2.705434032810182798e-01
3.526075962112454332e-01
2.875451842003005076e-01
2.979460890185053890e-01
4.535708712473984217e-01
2.744661525276753666e-01
3.024739940233822089e-01
4.360088451970278167e-01
2.762362542356461836e-01
3.966439782236437783e-01
4.005471840814379680e-01
4.028364074243510062e-01
3.835540904632425141e-01
2.856278290034789946e-01
4.391123874737160593e-01
3.533167971914991101e-01
3.175740913288377376e-01
3.539903237815070769e-01
2.827683959141024106e-01
3.531552533023649687e-01
3.731829554781472269e-01
4.247599827196963385e-01
3.349992674127329484e-01
4.523892330730568401e-01
3.207143544018883907e-01
3.661188367677604694e-01
3.892170890996192179e-01
3.211863899890075591e-01
2.904410733775394937e-01
3.894058311087166269e-01
4.522446155533487722e-01
3.367066356643479974e-01
4.710985464941140899e-01
3.786344162675870373e-01
2.613500601748983132e-01
4.020224991970504647e-01
3.562947309753586866e-01
4.334291800341881773e-01
3.054525274697065251e-01
3.352797234405641702e-01
3.123003989478218001e-01
3.149203609412729032e-01
3.734625403055036319e-01
2.969995911963522195e-01
5.156786413510157097e-01
3.733721443449628530e-01
3.538513646365873955e-01
3.107654637306526135e-01
2.995749215108442498e-01
3.333727172241748304e-01
4.805821506346212857e-01
2.713064869019782277e-01
3.769649467620247441e-01
3.463357593007231339e-01
