1.151090356463903452e+00
8.391417999915660175e-01
6.646303656149241679e-01
5.495603370430687251e-01
4.758386807817551190e-01
4.277110552521570241e-01
3.921922666224990639e-01
3.682162890314109593e-01
3.492754725301106533e-01
3.332139005313036195e-01
3.184144587866222231e-01
3.078302878587403368e-01
2.988717919403095502e-01
2.911911534050605210e-01
2.851209339588998692e-01
2.774865000010312555e-01
2.725626026370946975e-01
2.667265877394889295e-01
2.619686337133577680e-01
2.596072414565513409e-01
2.546715282985241857e-01
2.500823236730910781e-01
2.471414041880880264e-01
2.455777670861938877e-01
2.414987395207608967e-01
2.386511635866692682e-01
2.364452137619478811e-01
2.339071875808690082e-01
2.329374184028417394e-01
2.287648592423743854e-01
2.273938920976427691e-01
2.233538580491472025e-01
2.228636828300890882e-01
2.223569241847665467e-01
2.183950808641751673e-01
2.173349930397305285e-01
2.157367902999381415e-01
2.148301592366987922e-01
2.134155539578856120e-01
2.113848575705990773e-01
2.113217883606686998e-01
2.104051826473316011e-01
2.080550929110051572e-01
2.062262302765794642e-01
2.044351921511924908e-01
2.045307923526987204e-01
2.030211580823667039e-01
2.016445030517897974e-01
2.008673506922463436e-01
1.997976789029096978e-01
1.983519723870917351e-01
1.988897406308240967e-01
1.959863357458710709e-01
1.966756498223924399e-01
1.959431072032992160e-01
1.940172716555680632e-01
1.949974916458783736e-01
1.923606077101054357e-01
1.920367470460430381e-01
1.914536571787494590e-01
1.901721662764178644e-01
1.911833205042345885e-01
1.906907283777086182e-01
1.888665568015124308e-01
1.880335368689417253e-01
1.856274809793476699e-01
1.878223674748636107e-01
1.866715110997763383e-01
1.863626391713232300e-01
1.844774667405014168e-01
1.834987832085695214e-01
1.851190992005908587e-01
1.842399041399265525e-01
1.823618761044052961e-01
1.817585940500379693e-01
1.801350102337228587e-01
1.799579092245739420e-01
1.796357355482425255e-01
1.788894387222526861e-01
1.782858819664531747e-01
1.795965787010907755e-01
1.772541191975824382e-01
1.756430219139250570e-01
1.768602219312452595e-01
1.762865431185412501e-01
1.746043484124229495e-01
1.753588960063454383e-01
1.739888898816958629e-01
1.751703801214783696e-01
1.741805015223385489e-01
1.742351828750945408e-01
1.735314653441057675e-01
1.730984064472427530e-01
1.725816282462586393e-01
1.712543798121012040e-01
1.720935060561304408e-01
1.700139769961537262e-01
1.705038267332768531e-01
1.694277733943913844e-01
1.702594212521496009e-01
