1.236070638943877587e+00
8.909579093962827212e-01
7.021395629185492870e-01
6.265720363269269289e-01
5.790782055394162464e-01
5.068539011062495048e-01
5.363035371177076183e-01
5.091231415845963726e-01
4.530189523305656607e-01
4.161405489498369858e-01
3.965693454193203737e-01
4.499360443687673294e-01
5.600910520587281116e-01
4.362834181351151197e-01
4.531290379710591898e-01
3.582632590738105138e-01
4.866264800463775408e-01
3.917446281360080218e-01
4.856666427990125601e-01
4.789702002753001286e-01
4.989599075558849850e-01
4.495918874853958025e-01
3.136571764438035315e-01
3.478893695729547431e-01
3.969979619278519722e-01
4.357302491470608219e-01
3.976267417039740515e-01
3.539958453626751433e-01
5.640237188540225821e-01
2.923997666640268389e-01
5.430125330824326912e-01
3.623256565950258579e-01
4.874937221270713716e-01
3.767501350224942147e-01
4.650748846471435272e-01
3.164727831274402048e-01
4.185986323288509725e-01
3.215191095444829283e-01
5.004383144004691530e-01
3.633976246893380058e-01
3.815878285837911443e-01
2.376649345807154423e-01
2.671978255386646128e-01
4.686667973979063428e-01
4.078099690435202929e-01
3.598129702057198953e-01
3.189660758716353905e-01
3.886294101969878789e-01
3.213962332828322888e-01
4.921901150184679885e-01
3.794178464248812999e-01
4.118145808556875620e-01
2.550737886518857911e-01
3.353192330435795787e-01
3.705634506688307850e-01
5.056848539035090351e-01
2.603208545886354086e-01
3.904191199629895026e-01
4.406596645285015268e-01
3.164699298532421823e-01
3.216542683315575801e-01
3.509370919942931266e-01
5.105416891866220164e-01
3.163991489344212260e-01
3.451414462445264175e-01
4.998157184859935986e-01
3.106185592346920599e-01
4.023798954304324549e-01
3.791803529506289072e-01
4.412208779178040663e-01
5.017056829307903199e-01
4.369010335357129682e-01
3.313697038077849655e-01
3.185247483500154853e-01
2.671131612713045222e-01
3.475607764830995761e-01
3.269624795394603378e-01
3.103995328072276516e-01
2.805501918384716298e-01
4.362682895293295005e-01
3.763567508378919957e-01
4.810277641526656822e-01
3.182491094041300372e-01
3.740045216690228713e-01
3.338253539558608263e-01
5.113318847818235646e-01
3.561132940316829587e-01
2.816561464057937281e-01
3.593548899599839919e-01
3.188239316481253360e-01
3.394261284680452628e-01
3.369774401147910270e-01
3.726830846304148848e-01
5.017251263512825243e-01
3.550644994149727562e-01
3.848011689462539908e-01
2.441381146124123325e-01
3.106519794677896629e-01
3.702757461413140883e-01
4.029071309340084284e-01
