1.202288440955378901e+00
8.104553106375945726e-01
7.060968096553490447e-01
5.720277174683633392e-01
4.393823120803892479e-01
5.435226140302462650e-01
3.735997409151815551e-01
5.371570785467969511e-01
4.017057051730499317e-01
4.571616122112965863e-01
5.024371490244188276e-01
3.896926223534736833e-01
3.767442280176759306e-01
5.326984047945118039e-01
4.019566443906626430e-01
4.561584824040589292e-01
4.499976068191157696e-01
4.619509809699372527e-01
3.604763369590423538e-01
3.636103014846798764e-01
6.688195362470926719e-01
6.273474536356344888e-01
3.750750638919201352e-01
3.959497855418924739e-01
4.364058658957207237e-01
3.909453613662552396e-01
3.981945946378063206e-01
4.148307924346813502e-01
5.779075585703978835e-01
3.967661146295586860e-01
4.827245419089402634e-01
5.136252561857694854e-01
4.717679031223287467e-01
6.100515459162925147e-01
3.777775216472543107e-01
3.239367667886485225e-01
4.793643993590168684e-01
4.368323066073641070e-01
3.492901446467667204e-01
4.772340423006544152e-01
7.219384420611228981e-01
4.410548145043453050e-01
3.276637193796402281e-01
3.029535163716781110e-01
4.261095604750154697e-01
4.882340897487517095e-01
4.775011275722240711e-01
3.795923867988669209e-01
3.894359696506593527e-01
3.735960170946591163e-01
5.645771213872238237e-01
4.904960013931703999e-01
3.600106003288773282e-01
4.833603118401835208e-01
4.399663578910352757e-01
5.020198757672258427e-01
4.666767636089266813e-01
4.823192962538160877e-01
3.630072115293191404e-01
3.819061239235158611e-01
2.952772300455783760e-01
6.014938911662494059e-01
3.427975003278776467e-01
4.439428069359888651e-01
2.889195251200860071e-01
4.401601895376217044e-01
4.575285248944341854e-01
4.806018734137221249e-01
5.720394186583543927e-01
4.457913572046735551e-01
4.442972999677506363e-01
4.603239109417446295e-01
5.231943783290637917e-01
5.400931586106825222e-01
4.014647395826165810e-01
4.107420288941924791e-01
6.086340869888778871e-01
4.476095432406417274e-01
4.898948259340646372e-01
4.616083425465615231e-01
4.084281918866854433e-01
5.121414723730761676e-01
3.226806492823673933e-01
4.019707312204685579e-01
5.509336534435702593e-01
2.820682209668602947e-01
4.304793362387885902e-01
2.197948883536199605e-01
3.514940690674145940e-01
3.575008106084064385e-01
4.770905495322838030e-01
4.626544878583888076e-01
3.803268286430255829e-01
4.394898347336509969e-01
4.011561639463906426e-01
2.544250133906182376e-01
6.103317248609889667e-01
5.696057412382579122e-01
3.477866325812395409e-01
6.160336273826874098e-01
