1.283103777433986847e+00
6.817497008774016098e-01
4.896075679074144982e-01
3.085648157457924201e-01
2.579800686531234510e-01
3.888101211352686937e-01
2.155285514073654041e-01
3.891352096307091335e-01
1.893008013239078635e-01
1.777349175629529265e-01
2.686167124266521933e-01
1.652681362797617792e-01
2.100165690907779548e-01
4.832078518522580635e-01
1.494522077217253497e-01
1.438083025182196328e-01
6.037882604787510044e-01
1.386790159704145708e-01
2.795487002057284176e-01
1.281060320558713717e-01
3.987977885741545991e-01
3.919916590036703341e-01
1.209170769092967890e-01
3.171286930656627701e-01
1.336580385208037958e-01
1.667743485613140952e-01
1.047000904158138096e-01
1.025571299579860207e-01
1.027719115017760032e-01
5.993837732745174174e-01
1.604036035098129198e-01
4.431420758909658808e-01
9.613016734784093908e-02
3.956635658464736638e-01
9.158771621358381687e-02
8.568418952732384519e-02
4.445759776904004701e-01
2.858283890499637159e-01
8.009830894096975351e-02
4.972410423610361119e-01
7.124504565591835981e-01
8.292188850356436991e-02
8.627698986108392476e-02
7.108899309455529725e-02
7.973710100722557204e-02
6.949856436501490597e-02
2.839874398447314041e-01
6.680210090083589236e-01
6.822010105483571063e-02
6.330892070423113638e-02
4.591530872857624290e-01
6.513793689874165793e-02
5.962463840986563512e-02
1.241244992626829580e-01
2.107330049553844398e-01
6.143274919435064430e-01
5.720833861963058042e-02
5.342042807333007015e-02
5.500279897183594363e-02
1.648974248972450707e-01
6.349906897597191735e-01
4.817328573759342702e-02
4.880497475209420039e-02
4.874871634848403079e-02
4.923041290583796137e-02
4.116982495739495151e-01
4.547614231080045200e-02
2.812121877244015966e-01
5.407263950863963053e-01
3.116033948532259124e-01
1.254958243258055550e-01
5.528785338374799657e-02
4.245236948179144376e-02
4.086344338562315770e-02
4.172683074869203840e-02
4.667414540847918403e-01
5.328483596409772094e-01
4.159611345779838376e-01
8.373912967945207342e-02
3.859711194537870232e-02
3.724095079416080839e-02
5.392469990713358863e-01
3.867243944296742952e-02
3.034094380816909631e-01
3.159086694462044931e-01
3.415606808255232385e-02
3.424877089328308422e-02
3.273675531733281907e-02
3.441655161665272550e-02
3.283856118040560934e-02
5.607196232428710569e-01
3.329254377437253914e-02
3.269131771309145840e-02
3.065158774609652581e-02
3.241412205290306048e-02
3.117387574785875429e-02
6.857276918088597295e-01
3.228745511016533482e-02
6.398215288535910039e-01
3.209343766585872476e-02
