1.233671447330523918e+00
8.344939852751516174e-01
6.942864022651520362e-01
6.287520514099114166e-01
5.730524179040793475e-01
5.152062426504542270e-01
5.460663757838775112e-01
5.223778623292646417e-01
4.759761806582766264e-01
4.302101528630591920e-01
3.869248433470789950e-01
5.479897871557704025e-01
5.240078280779564279e-01
4.585898252039027900e-01
4.799155798559135988e-01
3.686931917371479295e-01
5.297815264018099768e-01
4.441825585865241122e-01
5.294830875193248243e-01
4.821915621606241986e-01
5.497195010654835068e-01
4.765918674507744202e-01
3.170294995975802554e-01
3.992313670988715257e-01
3.560695331109235973e-01
4.842812873726107803e-01
4.368975482952929812e-01
3.424008826051492815e-01
5.440443478889523954e-01
2.905446102722642476e-01
5.018318244826802665e-01
3.984189870684126111e-01
4.278825370176421172e-01
3.499273928545900136e-01
5.138521532827102778e-01
3.425432939809583965e-01
4.090387093683950370e-01
2.970635178802104592e-01
4.433507723427256297e-01
3.493659134190888471e-01
3.313099680959714632e-01
3.072664083561204018e-01
2.865820300534003828e-01
4.296637759914955224e-01
4.009514940690035445e-01
3.382127099192017705e-01
2.921552156386621468e-01
3.751623047641626241e-01
3.246530754401776298e-01
5.006458507807839409e-01
3.839306201846929278e-01
4.271742043481939755e-01
2.449649638852127997e-01
3.301773277771101744e-01
3.583649204288802403e-01
5.182944233265857070e-01
2.618823524414229387e-01
3.587094473047901522e-01
4.123919059219368077e-01
3.090534427527958927e-01
2.830012471229615967e-01
3.487100424021762346e-01
4.099228358545189410e-01
2.992317631712098636e-01
3.347910685135606079e-01
4.853379596797360307e-01
2.988259322380695804e-01
3.793345463690867558e-01
2.873575071724969732e-01
4.646780027757187459e-01
4.579667747996580829e-01
4.411862896829255587e-01
3.271852328484982642e-01
3.225442471682826162e-01
3.243658292519696618e-01
3.742437312526379345e-01
2.909437912243989510e-01
3.150481281011355272e-01
2.600852609719961350e-01
3.015418706253357173e-01
3.865837409304049288e-01
5.015060420875370184e-01
2.819282663573104419e-01
3.628053992340715683e-01
3.178931831090709426e-01
4.913904647900643741e-01
3.284260286988933131e-01
2.498571200267499237e-01
3.573087135591836438e-01
2.959580098652309643e-01
3.130320616314639093e-01
3.576386479933224560e-01
2.944355825017898609e-01
5.400554321852168993e-01
3.272311957893766499e-01
3.451414740500337031e-01
2.714998694577949179e-01
3.058882214923860365e-01
4.111871147063371756e-01
4.001815229098250049e-01
