1.273650021127942455e+00
8.809245562838124988e-01
6.747844222295910077e-01
5.458993346955596238e-01
4.910939571920575619e-01
4.333096068915911481e-01
3.989880216287426951e-01
3.802080525523346965e-01
3.790283159648108469e-01
3.492636196074437871e-01
3.410836863906347993e-01
3.292832221787215241e-01
3.120744819313275298e-01
3.227805404200675965e-01
3.090042388308681942e-01
3.090951945685790347e-01
3.042114977094784734e-01
2.895766842863161661e-01
2.939770724223917386e-01
2.753273670163147724e-01
2.867338744147268637e-01
2.716509110057737653e-01
2.833222086060018796e-01
2.712803520624348375e-01
2.734581547810694957e-01
2.701487456574238610e-01
2.574975909731246348e-01
2.658669502515884075e-01
2.603960546170765999e-01
2.524002435874616035e-01
2.651350706185764960e-01
2.541152640925392059e-01
2.580191549769988990e-01
2.494580761386968049e-01
2.668482150820831178e-01
2.446256923359037549e-01
2.550920545926205762e-01
2.561734563493537342e-01
2.453483230136292992e-01
2.445513247220200692e-01
2.410092682494599237e-01
2.393746174014370065e-01
2.476621259176876588e-01
2.351148438333347523e-01
2.414408625992117141e-01
2.414723559309567558e-01
2.321564077755593480e-01
2.339781213792196668e-01
2.274984903435905426e-01
2.301621353838154693e-01
2.359591298481790445e-01
2.287649156757514679e-01
2.188404881855580408e-01
2.345769986300429155e-01
2.359203932122092839e-01
2.354180114039853555e-01
2.192358371308019138e-01
2.232045057741191552e-01
2.324858985684023216e-01
2.230526212799959218e-01
2.204474787736073471e-01
2.214056548856093709e-01
2.243959201413298354e-01
2.147163362050269753e-01
2.151302210325625741e-01
2.176982476576294068e-01
2.265904945715337959e-01
2.165894541080778946e-01
2.188719519989055229e-01
2.236247129329048122e-01
2.145433053162675852e-01
2.121246065008302040e-01
2.097570712554902850e-01
2.021518877560553873e-01
2.059329681105100396e-01
2.136140480790718610e-01
2.027883551444780719e-01
2.056800074215295315e-01
2.011876972702148214e-01
2.083444201414045016e-01
2.127828140318234473e-01
2.040529881627657915e-01
2.065046179250420444e-01
2.155762150667059063e-01
2.042923347709169890e-01
1.969817092966845984e-01
2.014555097544923901e-01
1.920920450279460789e-01
2.051926287350110678e-01
2.001121341252327657e-01
2.010726881045027947e-01
1.990127492651181940e-01
1.992188947804248988e-01
2.001395565656215736e-01
2.028918607085077319e-01
2.076440451798465536e-01
2.017227359409679843e-01
1.943247653290924581e-01
2.070435411648819668e-01
1.954328120404314750e-01
