1.155215031046621377e+00
7.921977261675492432e-01
6.197113561056790676e-01
5.347514992141417789e-01
4.885981667329867273e-01
4.553434505770722618e-01
4.306247952230983778e-01
4.058459475425914564e-01
3.857922752429272517e-01
3.687315898181752760e-01
3.523607947920168737e-01
3.412570213002404373e-01
3.278732213579960697e-01
3.188316681956014365e-01
3.085248200601624635e-01
3.006609123068388345e-01
2.937470034660269458e-01
2.882660976636652328e-01
2.831770191743948062e-01
2.788131007184895260e-01
2.727686564419533055e-01
2.681307892477376442e-01
2.631267155732837093e-01
2.589889498547569557e-01
2.552631068916991763e-01
2.515339679622557445e-01
2.487670330964878995e-01
2.468190219050617196e-01
2.436803155747538363e-01
2.402604867602820549e-01
2.406428095299849856e-01
2.376570142180278178e-01
2.352947144312877992e-01
2.335922513862546679e-01
2.316993660983352188e-01
2.303331352317136704e-01
2.287167578610510288e-01
2.269133919112550635e-01
2.244093299639551842e-01
2.228382488195186917e-01
2.218450620505542648e-01
2.207684160251602579e-01
2.193961370798363508e-01
2.182454727646763737e-01
2.171395825225150289e-01
2.177315390185399768e-01
2.137246310019139395e-01
2.152041570499923784e-01
2.120085038162841662e-01
2.132380428540135708e-01
2.114532485213445057e-01
2.124002952079694917e-01
2.089393135692691195e-01
2.098326140191566491e-01
2.081577805046010421e-01
2.097832751453366229e-01
2.065222821877167048e-01
2.059700508261338159e-01
2.050802995669121498e-01
2.049193228036513825e-01
2.021363450600676681e-01
2.028807548257392790e-01
2.001745128750248848e-01
2.014289925262690295e-01
2.004173709317509378e-01
1.994599941674131960e-01
1.990722136646117524e-01
1.964483746300436651e-01
1.984374811726857257e-01
1.978095023910570460e-01
1.971731647254167386e-01
1.980166978330696881e-01
1.948421870156928637e-01
1.939376929470751076e-01
1.931889448009631027e-01
1.928077940784481692e-01
1.944545099822589107e-01
1.919639649560135608e-01
1.916810627928399180e-01
1.915766478865987832e-01
1.893262826217258499e-01
1.909377577039272633e-01
1.889604395807487625e-01
1.897300411524825703e-01
1.901849346316940581e-01
1.880264361396805362e-01
1.866771795150181656e-01
1.881631196904830772e-01
1.864010256366140650e-01
1.872454164868946891e-01
1.854096497243948316e-01
1.850439610702623305e-01
1.830571908641273893e-01
1.836189891898636906e-01
1.822677820387035852e-01
1.839196513730023130e-01
1.820817944401638688e-01
1.825870567729535876e-01
1.819260335854374633e-01
1.812283706097811975e-01
